-0.003200 -2.400000 -2.520000
-0.003180 -2.400000 -2.560000
-0.003160 -2.400000 -2.520000
-0.003140 -2.400000 -2.520000
-0.003120 -2.400000 -2.520000
-0.003100 -2.400000 -2.520000
-0.003080 -2.400000 -2.520000
-0.003060 -2.400000 -2.520000
-0.003040 -2.400000 -2.520000
-0.003020 -2.400000 -2.480000
-0.003000 -2.440000 -2.520000
-0.002980 -2.400000 -2.520000
-0.002960 -2.400000 -2.520000
-0.002940 -2.400000 -2.520000
-0.002920 -2.400000 -2.520000
-0.002900 -2.400000 -2.520000
-0.002880 -2.400000 -2.520000
-0.002860 -2.400000 -2.520000
-0.002840 -2.400000 -2.520000
-0.002820 -2.400000 -2.520000
-0.002800 -2.400000 -2.520000
-0.002780 -2.400000 -2.520000
-0.002760 -2.400000 -2.520000
-0.002740 -2.400000 -2.520000
-0.002720 -2.400000 -2.520000
-0.002700 -2.400000 -2.480000
-0.002680 -2.400000 -2.520000
-0.002660 -2.400000 -2.520000
-0.002640 -2.400000 -2.520000
-0.002620 -2.400000 -2.520000
-0.002600 -2.360000 -2.520000
-0.002580 -2.440000 -2.520000
-0.002560 -2.400000 -2.520000
-0.002540 -2.400000 -2.520000
-0.002520 -2.400000 -2.520000
-0.002500 -2.440000 -2.520000
-0.002480 -2.400000 -2.520000
-0.002460 -2.400000 -2.520000
-0.002440 -2.400000 -2.520000
-0.002420 -2.440000 -2.520000
-0.002400 -2.400000 -2.520000
-0.002380 -2.400000 -2.520000
-0.002360 -2.400000 -2.520000
-0.002340 -2.400000 -2.520000
-0.002320 -2.400000 -2.520000
-0.002300 -2.440000 -2.520000
-0.002280 -2.400000 -2.520000
-0.002260 -2.400000 -2.520000
-0.002240 -2.400000 -2.520000
-0.002220 -2.440000 -2.520000
-0.002200 -2.400000 -2.520000
-0.002180 -2.440000 -2.480000
-0.002160 -2.400000 -2.520000
-0.002140 -2.400000 -2.520000
-0.002120 -2.400000 -2.520000
-0.002100 -2.400000 -2.520000
-0.002080 -2.400000 -2.520000
-0.002060 -2.440000 -2.520000
-0.002040 -2.400000 -2.520000
-0.002020 -2.400000 -2.520000
-0.002000 -2.440000 -2.520000
-0.001980 -2.400000 -2.520000
-0.001960 -2.400000 -2.480000
-0.001940 -2.400000 -2.520000
-0.001920 -2.400000 -2.520000
-0.001900 -2.400000 -2.520000
-0.001880 -2.440000 -2.520000
-0.001860 -2.440000 -2.520000
-0.001840 -2.440000 -2.520000
-0.001820 -2.400000 -2.520000
-0.001800 -2.440000 -2.520000
-0.001780 -2.440000 -2.520000
-0.001760 -2.400000 -2.520000
-0.001740 -2.440000 -2.520000
-0.001720 -2.400000 -2.520000
-0.001700 -2.400000 -2.520000
-0.001680 -2.400000 -2.520000
-0.001660 -2.440000 -2.520000
-0.001640 -2.400000 -2.520000
-0.001620 -2.400000 -2.520000
-0.001600 -2.400000 -2.520000
-0.001580 -2.400000 -2.520000
-0.001560 -2.400000 -2.520000
-0.001540 -2.400000 -2.520000
-0.001520 -2.400000 -2.520000
-0.001500 -2.400000 -2.520000
-0.001480 -2.400000 -2.520000
-0.001460 -2.400000 -2.560000
-0.001440 -2.400000 -2.520000
-0.001420 -2.400000 -2.520000
-0.001400 -2.440000 -2.520000
-0.001380 -2.400000 -2.520000
-0.001360 -2.400000 -2.560000
-0.001340 -2.440000 -2.520000
-0.001320 -2.440000 -2.520000
-0.001300 -2.440000 -2.520000
-0.001280 -2.440000 -2.520000
-0.001260 -2.400000 -2.520000
-0.001240 -2.400000 -2.520000
-0.001220 -2.400000 -2.520000
-0.001200 -2.440000 -2.520000
-0.001180 -2.440000 -2.520000
-0.001160 -2.400000 -2.480000
-0.001140 -2.400000 -2.520000
-0.001120 -2.400000 -2.480000
-0.001100 -2.400000 -2.520000
-0.001080 -2.400000 -2.520000
-0.001060 -2.400000 -2.520000
-0.001040 -2.400000 -2.520000
-0.001020 -2.440000 -2.520000
-0.001000 -2.440000 -2.520000
-0.000980 -2.440000 -2.520000
-0.000960 -2.400000 -2.520000
-0.000940 -2.440000 -2.520000
-0.000920 -2.440000 -2.520000
-0.000900 -2.440000 -2.520000
-0.000880 -2.440000 -2.520000
-0.000860 -2.440000 -2.520000
-0.000840 -2.400000 -2.520000
-0.000820 -2.440000 -2.520000
-0.000800 -2.440000 -2.520000
-0.000780 -2.440000 -2.520000
-0.000760 -2.440000 -2.520000
-0.000740 -2.400000 -2.480000
-0.000720 -2.400000 -2.520000
-0.000700 -2.400000 -2.520000
-0.000680 -2.440000 -2.520000
-0.000660 -2.400000 -2.520000
-0.000640 -2.440000 -2.520000
-0.000620 -2.440000 -2.520000
-0.000600 -2.400000 -2.520000
-0.000580 -2.440000 -2.520000
-0.000560 -2.440000 -2.520000
-0.000540 -2.400000 -2.520000
-0.000520 -2.440000 -2.520000
-0.000500 -2.400000 -2.520000
-0.000480 -2.440000 -2.520000
-0.000460 -2.440000 -2.520000
-0.000440 -2.440000 -2.520000
-0.000420 -2.440000 -2.520000
-0.000400 -2.400000 -2.520000
-0.000380 -2.440000 -2.480000
-0.000360 -2.400000 -2.520000
-0.000340 -2.440000 -2.520000
-0.000320 -2.440000 -2.520000
-0.000300 -2.440000 -2.520000
-0.000280 -2.440000 -2.520000
-0.000260 -2.440000 -2.520000
-0.000240 -2.400000 -2.520000
-0.000220 -2.440000 -2.560000
-0.000200 -2.440000 -2.520000
-0.000180 -2.440000 -2.520000
-0.000160 -2.400000 -2.520000
-0.000140 -2.400000 -2.520000
-0.000120 -2.400000 -2.520000
-0.000100 -2.400000 -2.520000
-0.000080 -2.400000 -2.520000
-0.000060 -2.400000 -2.520000
-0.000040 -2.440000 -2.520000
-0.000020 -2.400000 -2.520000
0.000000 -2.400000 2.440000
0.000020 -2.400000 2.440000
0.000040 -2.400000 2.440000
0.000060 -2.400000 2.440000
0.000080 -2.400000 2.440000
0.000100 -2.400000 2.440000
0.000120 -2.360000 2.440000
0.000140 -2.400000 2.440000
0.000160 -2.360000 2.440000
0.000180 -2.320000 2.440000
0.000200 -2.320000 2.440000
0.000220 -2.320000 2.440000
0.000240 -2.280000 2.440000
0.000260 -2.280000 2.440000
0.000280 -2.280000 2.440000
0.000300 -2.280000 2.440000
0.000320 -2.280000 2.440000
0.000340 -2.240000 2.440000
0.000360 -2.240000 2.440000
0.000380 -2.200000 2.440000
0.000400 -2.240000 2.440000
0.000420 -2.200000 2.480000
0.000440 -2.200000 2.400000
0.000460 -2.200000 2.440000
0.000480 -2.200000 2.440000
0.000500 -2.200000 2.480000
0.000520 -2.160000 2.440000
0.000540 -2.160000 2.440000
0.000560 -2.160000 2.440000
0.000580 -2.160000 2.440000
0.000600 -2.120000 2.440000
0.000620 -2.120000 2.440000
0.000640 -2.120000 2.440000
0.000660 -2.120000 2.440000
0.000680 -2.080000 2.440000
0.000700 -2.080000 2.480000
0.000720 -2.080000 2.440000
0.000740 -2.080000 2.440000
0.000760 -2.040000 2.440000
0.000780 -2.040000 2.480000
0.000800 -2.040000 2.400000
0.000820 -2.040000 2.440000
0.000840 -2.000000 2.440000
0.000860 -2.000000 2.440000
0.000880 -2.000000 2.480000
0.000900 -1.960000 2.440000
0.000920 -1.960000 2.440000
0.000940 -1.960000 2.480000
0.000960 -1.960000 2.440000
0.000980 -1.960000 2.480000
0.001000 -1.960000 2.440000
0.001020 -1.920000 2.480000
0.001040 -1.920000 2.440000
0.001060 -1.920000 2.440000
0.001080 -1.920000 2.440000
0.001100 -1.920000 2.480000
0.001120 -1.920000 2.440000
0.001140 -1.840000 2.440000
0.001160 -1.880000 2.440000
0.001180 -1.880000 2.480000
0.001200 -1.880000 2.440000
0.001220 -1.840000 2.440000
0.001240 -1.880000 2.440000
0.001260 -1.840000 2.440000
0.001280 -1.840000 2.440000
0.001300 -1.840000 2.440000
0.001320 -1.840000 2.440000
0.001340 -1.800000 2.480000
0.001360 -1.800000 2.440000
0.001380 -1.760000 2.440000
0.001400 -1.800000 2.440000
0.001420 -1.760000 2.480000
0.001440 -1.720000 2.440000
0.001460 -1.760000 2.440000
0.001480 -1.720000 2.480000
0.001500 -1.720000 2.440000
0.001520 -1.720000 2.440000
0.001540 -1.720000 2.440000
0.001560 -1.720000 2.440000
0.001580 -1.720000 2.480000
0.001600 -1.680000 2.440000
0.001620 -1.680000 2.440000
0.001640 -1.680000 2.440000
0.001660 -1.680000 2.440000
0.001680 -1.680000 2.440000
0.001700 -1.640000 2.480000
0.001720 -1.600000 2.440000
0.001740 -1.640000 2.440000
0.001760 -1.600000 2.480000
0.001780 -1.600000 2.440000
0.001800 -1.640000 2.440000
0.001820 -1.600000 2.440000
0.001840 -1.560000 2.480000
0.001860 -1.560000 2.440000
0.001880 -1.560000 2.440000
0.001900 -1.560000 2.440000
0.001920 -1.560000 2.440000
0.001940 -1.560000 2.480000
0.001960 -1.520000 2.480000
0.001980 -1.520000 2.440000
0.002000 -1.520000 2.440000
0.002020 -1.520000 2.440000
0.002040 -1.520000 2.440000
0.002060 -1.480000 2.440000
0.002080 -1.480000 2.440000
0.002100 -1.480000 2.440000
0.002120 -1.480000 2.440000
0.002140 -1.480000 2.440000
0.002160 -1.480000 2.440000
0.002180 -1.440000 2.440000
0.002200 -1.440000 2.440000
0.002220 -1.440000 2.480000
0.002240 -1.440000 2.480000
0.002260 -1.440000 2.440000
0.002280 -1.440000 2.440000
0.002300 -1.400000 2.440000
0.002320 -1.400000 2.440000
0.002340 -1.400000 2.480000
0.002360 -1.360000 2.440000
0.002380 -1.400000 2.440000
0.002400 -1.360000 2.440000
0.002420 -1.360000 2.480000
0.002440 -1.360000 2.440000
0.002460 -1.360000 2.440000
0.002480 -1.320000 2.440000
0.002500 -1.320000 2.440000
0.002520 -1.320000 2.440000
0.002540 -1.320000 2.440000
0.002560 -1.320000 2.440000
0.002580 -1.280000 2.440000
0.002600 -1.320000 2.480000
0.002620 -1.280000 2.480000
0.002640 -1.280000 2.480000
0.002660 -1.280000 2.440000
0.002680 -1.240000 2.440000
0.002700 -1.240000 2.440000
0.002720 -1.200000 2.440000
0.002740 -1.240000 2.440000
0.002760 -1.240000 2.440000
0.002780 -1.200000 2.440000
0.002800 -1.200000 2.480000
0.002820 -1.200000 2.440000
0.002840 -1.200000 2.440000
0.002860 -1.160000 2.480000
0.002880 -1.160000 2.440000
0.002900 -1.200000 2.480000
0.002920 -1.160000 2.440000
0.002940 -1.160000 2.440000
0.002960 -1.160000 2.440000
0.002980 -1.160000 2.480000
0.003000 -1.160000 2.440000
0.003020 -1.160000 2.440000
0.003040 -1.120000 2.440000
0.003060 -1.120000 2.480000
0.003080 -1.120000 2.440000
0.003100 -1.120000 2.440000
0.003120 -1.120000 2.440000
0.003140 -1.080000 2.480000
0.003160 -1.080000 2.440000
0.003180 -1.080000 2.440000
0.003200 -1.080000 2.440000
0.003220 -1.080000 2.440000
0.003240 -1.040000 2.440000
0.003260 -1.080000 2.440000
0.003280 -1.040000 2.440000
0.003300 -1.040000 2.440000
0.003320 -1.040000 2.440000
0.003340 -1.000000 2.480000
0.003360 -1.040000 2.440000
0.003380 -1.040000 2.440000
0.003400 -1.000000 2.440000
0.003420 -1.000000 2.440000
0.003440 -1.000000 2.480000
0.003460 -1.000000 2.440000
0.003480 -0.960000 2.440000
0.003500 -0.960000 2.440000
0.003520 -0.960000 2.440000
0.003540 -0.960000 2.440000
0.003560 -0.960000 2.440000
0.003580 -0.920000 2.440000
0.003600 -0.880000 2.440000
0.003620 -0.920000 2.440000
0.003640 -0.920000 2.440000
0.003660 -0.920000 2.440000
0.003680 -0.880000 2.440000
0.003700 -0.880000 2.440000
0.003720 -0.920000 2.480000
0.003740 -0.880000 2.440000
0.003760 -0.880000 2.440000
0.003780 -0.880000 2.480000
0.003800 -0.880000 2.480000
0.003820 -0.880000 2.480000
0.003840 -0.880000 2.440000
0.003860 -0.840000 2.440000
0.003880 -0.840000 2.480000
0.003900 -0.800000 2.440000
0.003920 -0.840000 2.440000
0.003940 -0.800000 2.480000
0.003960 -0.800000 2.440000
0.003980 -0.800000 2.440000
0.004000 -0.800000 2.480000
0.004020 -0.800000 2.480000
0.004040 -0.800000 2.440000
0.004060 -0.800000 2.480000
0.004080 -0.760000 2.480000
0.004100 -0.760000 2.440000
0.004120 -0.760000 2.480000
0.004140 -0.760000 2.440000
0.004160 -0.760000 2.440000
0.004180 -0.720000 2.440000
0.004200 -0.720000 2.440000
0.004220 -0.720000 2.440000
0.004240 -0.720000 2.440000
0.004260 -0.720000 2.440000
0.004280 -0.720000 2.440000
0.004300 -0.680000 2.440000
0.004320 -0.720000 2.440000
0.004340 -0.680000 2.440000
0.004360 -0.680000 2.480000
0.004380 -0.680000 2.440000
0.004400 -0.640000 2.480000
0.004420 -0.680000 2.480000
0.004440 -0.680000 2.440000
0.004460 -0.640000 2.440000
0.004480 -0.640000 2.440000
0.004500 -0.640000 2.440000
0.004520 -0.640000 2.480000
0.004540 -0.640000 2.440000
0.004560 -0.640000 2.440000
0.004580 -0.600000 2.480000
0.004600 -0.600000 2.480000
0.004620 -0.600000 2.440000
0.004640 -0.600000 2.480000
0.004660 -0.600000 2.440000
0.004680 -0.600000 2.440000
0.004700 -0.560000 2.440000
0.004720 -0.560000 2.480000
0.004740 -0.560000 2.480000
0.004760 -0.560000 2.480000
0.004780 -0.560000 2.480000
0.004800 -0.560000 2.440000
0.004820 -0.560000 2.440000
0.004840 -0.560000 2.480000
0.004860 -0.560000 2.480000
0.004880 -0.520000 2.440000
0.004900 -0.520000 2.440000
0.004920 -0.480000 2.480000
0.004940 -0.520000 2.480000
0.004960 -0.520000 2.440000
0.004980 -0.480000 2.440000
0.005000 -0.480000 2.440000
0.005020 -0.520000 2.480000
0.005040 -0.480000 2.440000
0.005060 -0.480000 2.480000
0.005080 -0.480000 2.440000
0.005100 -0.480000 2.480000
0.005120 -0.440000 2.440000
0.005140 -0.440000 2.480000
0.005160 -0.440000 2.480000
0.005180 -0.440000 2.440000
0.005200 -0.440000 2.440000
0.005220 -0.400000 2.440000
0.005240 -0.440000 2.440000
0.005260 -0.440000 2.480000
0.005280 -0.400000 2.480000
0.005300 -0.400000 2.440000
0.005320 -0.400000 2.440000
0.005340 -0.400000 2.440000
0.005360 -0.400000 2.440000
0.005380 -0.360000 2.480000
0.005400 -0.360000 2.480000
0.005420 -0.400000 2.440000
0.005440 -0.320000 2.440000
0.005460 -0.360000 2.440000
0.005480 -0.360000 2.440000
0.005500 -0.320000 2.480000
0.005520 -0.320000 2.440000
0.005540 -0.320000 2.480000
0.005560 -0.320000 2.440000
0.005580 -0.320000 2.480000
0.005600 -0.320000 2.440000
0.005620 -0.280000 2.440000
0.005640 -0.280000 2.440000
0.005660 -0.320000 2.440000
0.005680 -0.280000 2.440000
0.005700 -0.280000 2.480000
0.005720 -0.280000 2.440000
0.005740 -0.280000 2.480000
0.005760 -0.280000 2.440000
0.005780 -0.280000 2.440000
0.005800 -0.240000 2.440000
0.005820 -0.280000 2.480000
0.005840 -0.240000 2.440000
0.005860 -0.240000 2.480000
0.005880 -0.200000 2.440000
0.005900 -0.240000 2.440000
0.005920 -0.240000 2.440000
0.005940 -0.200000 2.480000
0.005960 -0.200000 2.440000
0.005980 -0.200000 2.440000
0.006000 -0.200000 2.440000
0.006020 -0.200000 2.480000
0.006040 -0.200000 2.480000
0.006060 -0.160000 2.440000
0.006080 -0.160000 2.440000
0.006100 -0.200000 2.440000
0.006120 -0.160000 2.440000
0.006140 -0.160000 2.440000
0.006160 -0.160000 2.440000
0.006180 -0.160000 2.440000
0.006200 -0.160000 2.480000
0.006220 -0.120000 2.480000
0.006240 -0.160000 2.440000
0.006260 -0.120000 2.480000
0.006280 -0.120000 2.440000
0.006300 -0.120000 2.480000
0.006320 -0.120000 2.440000
0.006340 -0.120000 2.480000
0.006360 -0.120000 2.480000
0.006380 -0.080000 2.440000
0.006400 -0.080000 2.480000
0.006420 -0.080000 2.480000
0.006440 -0.080000 2.440000
0.006460 -0.080000 2.440000
0.006480 -0.040000 2.440000
0.006500 -0.040000 2.480000
0.006520 -0.080000 2.440000
0.006540 -0.040000 2.440000
0.006560 -0.080000 2.480000
0.006580 -0.080000 2.480000
0.006600 -0.080000 2.440000
0.006620 -0.040000 2.440000
0.006640 -0.040000 2.480000
0.006660 0.000000 2.440000
0.006680 -0.040000 2.480000
0.006700 0.000000 2.480000
0.006720 -0.040000 2.440000
0.006740 0.000000 2.440000
0.006760 0.000000 2.440000
0.006780 0.040000 2.480000
0.006800 0.000000 2.480000
0.006820 0.000000 2.480000
0.006840 0.040000 2.440000
0.006860 0.000000 2.480000
0.006880 0.000000 2.440000
0.006900 0.040000 2.440000
0.006920 0.040000 2.440000
0.006940 0.040000 2.440000
0.006960 0.040000 2.440000
0.006980 0.040000 2.480000
0.007000 0.040000 2.440000
0.007020 0.080000 2.480000
0.007040 0.080000 2.480000
0.007060 0.080000 2.440000
0.007080 0.040000 2.480000
0.007100 0.080000 2.480000
0.007120 0.080000 2.480000
0.007140 0.080000 2.440000
0.007160 0.120000 2.480000
0.007180 0.080000 2.440000
0.007200 0.120000 2.480000
0.007220 0.080000 2.440000
0.007240 0.120000 2.480000
0.007260 0.120000 2.440000
0.007280 0.120000 2.440000
0.007300 0.120000 2.480000
0.007320 0.160000 2.440000
0.007340 0.120000 2.480000
0.007360 0.160000 2.480000
0.007380 0.120000 2.440000
0.007400 0.120000 2.440000
0.007420 0.160000 2.440000
0.007440 0.160000 2.440000
0.007460 0.160000 2.440000
0.007480 0.160000 2.440000
0.007500 0.160000 2.440000
0.007520 0.160000 2.480000
0.007540 0.200000 2.440000
0.007560 0.160000 2.440000
0.007580 0.200000 2.440000
0.007600 0.200000 2.440000
0.007620 0.160000 2.440000
0.007640 0.200000 2.480000
0.007660 0.200000 2.440000
0.007680 0.200000 2.480000
0.007700 0.240000 2.440000
0.007720 0.240000 2.440000
0.007740 0.240000 2.440000
0.007760 0.240000 2.440000
0.007780 0.240000 2.480000
0.007800 0.240000 2.440000
0.007820 0.240000 2.440000
0.007840 0.240000 2.440000
0.007860 0.240000 2.440000
0.007880 0.240000 2.440000
0.007900 0.280000 2.440000
0.007920 0.240000 2.480000
0.007940 0.280000 2.480000
0.007960 0.280000 2.480000
0.007980 0.280000 2.440000
0.008000 0.280000 2.440000
0.008020 0.280000 2.440000
0.008040 0.280000 2.440000
0.008060 0.280000 2.440000
0.008080 0.320000 2.440000
0.008100 0.280000 2.480000
0.008120 0.280000 2.480000
0.008140 0.280000 2.480000
0.008160 0.360000 2.480000
0.008180 0.320000 2.480000
0.008200 0.360000 2.440000
0.008220 0.360000 2.480000
0.008240 0.360000 2.440000
0.008260 0.360000 2.440000
0.008280 0.320000 2.440000
0.008300 0.360000 2.480000
0.008320 0.360000 2.440000
0.008340 0.360000 2.480000
0.008360 0.360000 2.480000
0.008380 0.360000 2.480000
0.008400 0.360000 2.440000
0.008420 0.360000 2.480000
0.008440 0.360000 2.440000
0.008460 0.400000 2.440000
0.008480 0.440000 2.440000
0.008500 0.400000 2.480000
0.008520 0.400000 2.440000
0.008540 0.400000 2.480000
0.008560 0.360000 2.480000
0.008580 0.440000 2.440000
0.008600 0.440000 2.440000
0.008620 0.440000 2.440000
0.008640 0.400000 2.440000
0.008660 0.440000 2.520000
0.008680 0.440000 2.440000
0.008700 0.440000 2.440000
0.008720 0.440000 2.480000
0.008740 0.440000 2.480000
0.008760 0.480000 2.480000
0.008780 0.480000 2.480000
0.008800 0.440000 2.440000
0.008820 0.480000 2.480000
0.008840 0.480000 2.440000
0.008860 0.480000 2.480000
0.008880 0.480000 2.480000
0.008900 0.480000 2.480000
0.008920 0.480000 2.440000
0.008940 0.480000 2.480000
0.008960 0.480000 2.440000
0.008980 0.480000 2.480000
0.009000 0.480000 2.440000
0.009020 0.480000 2.480000
0.009040 0.480000 2.480000
0.009060 0.480000 2.480000
0.009080 0.480000 2.440000
0.009100 0.480000 2.440000
0.009120 0.520000 2.440000
0.009140 0.520000 2.440000
0.009160 0.520000 2.480000
0.009180 0.520000 2.440000
0.009200 0.520000 2.440000
0.009220 0.560000 2.440000
0.009240 0.520000 2.480000
0.009260 0.520000 2.480000
0.009280 0.520000 2.440000
0.009300 0.560000 2.440000
0.009320 0.560000 2.440000
0.009340 0.520000 2.480000
0.009360 0.560000 2.440000
0.009380 0.560000 2.440000
0.009400 0.560000 2.440000
0.009420 0.600000 2.440000
0.009440 0.600000 2.480000
0.009460 0.560000 2.480000
0.009480 0.560000 2.440000
0.009500 0.560000 2.480000
0.009520 0.600000 2.440000
0.009540 0.560000 2.440000
0.009560 0.600000 2.480000
0.009580 0.600000 2.480000
0.009600 0.600000 2.480000
0.009620 0.600000 2.480000
0.009640 0.600000 2.480000
0.009660 0.600000 2.440000
0.009680 0.640000 2.480000
0.009700 0.640000 2.440000
0.009720 0.640000 2.480000
0.009740 0.640000 2.480000
0.009760 0.640000 2.480000
0.009780 0.600000 2.440000
0.009800 0.680000 2.480000
0.009820 0.640000 2.440000
0.009840 0.640000 2.480000
0.009860 0.680000 2.480000
0.009880 0.680000 2.480000
0.009900 0.640000 2.440000
0.009920 0.640000 2.440000
0.009940 0.680000 2.440000
0.009960 0.680000 2.440000
0.009980 0.680000 2.440000
0.010000 0.680000 2.440000
0.010020 0.680000 2.480000
0.010040 0.680000 2.440000
0.010060 0.680000 2.440000
0.010080 0.720000 2.440000
0.010100 0.720000 2.440000
0.010120 0.680000 2.480000
0.010140 0.720000 2.440000
0.010160 0.720000 2.480000
0.010180 0.720000 2.440000
0.010200 0.720000 2.440000
0.010220 0.760000 2.440000
0.010240 0.760000 2.480000
0.010260 0.720000 2.480000
0.010280 0.720000 2.480000
0.010300 0.720000 2.480000
0.010320 0.760000 2.480000
0.010340 0.720000 2.440000
0.010360 0.720000 2.440000
0.010380 0.720000 2.480000
0.010400 0.760000 2.440000
0.010420 0.760000 2.440000
0.010440 0.760000 2.480000
0.010460 0.760000 2.440000
0.010480 0.760000 2.440000
0.010500 0.760000 2.440000
0.010520 0.800000 2.440000
0.010540 0.800000 2.480000
0.010560 0.800000 2.480000
0.010580 0.760000 2.440000
0.010600 0.760000 2.440000
0.010620 0.800000 2.480000
0.010640 0.800000 2.480000
0.010660 0.800000 2.480000
0.010680 0.800000 2.440000
0.010700 0.800000 2.440000
0.010720 0.800000 2.440000
0.010740 0.760000 2.480000
0.010760 0.840000 2.440000
0.010780 0.840000 2.480000
0.010800 0.840000 2.480000
0.010820 0.800000 2.440000
0.010840 0.840000 2.480000
0.010860 0.840000 2.440000
0.010880 0.840000 2.440000
0.010900 0.840000 2.480000
0.010920 0.840000 2.440000
0.010940 0.840000 2.440000
0.010960 0.880000 2.440000
0.010980 0.840000 2.480000
0.011000 0.840000 2.440000
0.011020 0.880000 2.480000
0.011040 0.840000 2.440000
0.011060 0.840000 2.440000
0.011080 0.880000 2.480000
0.011100 0.840000 2.440000
0.011120 0.880000 2.480000
0.011140 0.880000 2.440000
0.011160 0.880000 2.480000
0.011180 0.920000 2.480000
0.011200 0.880000 2.440000
0.011220 0.880000 2.440000
0.011240 0.880000 2.480000
0.011260 0.880000 2.480000
0.011280 0.880000 2.480000
0.011300 0.880000 2.440000
0.011320 0.920000 2.480000
0.011340 0.880000 2.480000
0.011360 0.880000 2.440000
0.011380 0.920000 2.480000
0.011400 0.920000 2.440000
0.011420 0.920000 2.480000
0.011440 0.920000 2.440000
0.011460 0.920000 2.480000
0.011480 0.920000 2.480000
0.011500 0.920000 2.480000
0.011520 0.920000 2.480000
0.011540 0.920000 2.480000
0.011560 0.920000 2.440000
0.011580 0.920000 2.440000
0.011600 0.920000 2.440000
0.011620 0.960000 2.480000
0.011640 0.920000 2.480000
0.011660 0.920000 2.440000
0.011680 0.960000 2.480000
0.011700 0.960000 2.480000
0.011720 0.960000 2.480000
0.011740 0.960000 2.480000
0.011760 0.960000 2.440000
0.011780 0.960000 2.480000
0.011800 0.960000 2.440000
0.011820 0.960000 2.440000
0.011840 1.000000 2.440000
0.011860 1.000000 2.480000
0.011880 1.000000 2.480000
0.011900 1.000000 2.440000
0.011920 1.000000 2.480000
0.011940 1.000000 2.480000
0.011960 1.000000 2.480000
0.011980 1.000000 2.480000
0.012000 1.000000 2.480000
0.012020 1.000000 2.440000
0.012040 1.000000 2.440000
0.012060 1.000000 2.480000
0.012080 1.000000 2.480000
0.012100 1.000000 2.480000
0.012120 1.040000 2.480000
0.012140 1.040000 2.440000
0.012160 1.040000 2.440000
0.012180 1.040000 2.480000
0.012200 1.040000 2.480000
0.012220 1.040000 2.440000
0.012240 1.040000 2.480000
0.012260 1.040000 2.440000
0.012280 1.080000 2.440000
0.012300 1.040000 2.440000
0.012320 1.040000 2.480000
0.012340 1.040000 2.480000
0.012360 1.040000 2.440000
0.012380 1.040000 2.480000
0.012400 1.040000 2.480000
0.012420 1.080000 2.480000
0.012440 1.080000 2.480000
0.012460 1.080000 2.480000
0.012480 1.080000 2.480000
0.012500 1.040000 2.480000
0.012520 1.080000 2.480000
0.012540 1.080000 2.480000
0.012560 1.080000 2.440000
0.012580 1.080000 2.480000
0.012600 1.120000 2.480000
0.012620 1.080000 2.480000
0.012640 1.120000 2.480000
0.012660 1.080000 2.440000
0.012680 1.120000 2.520000
0.012700 1.120000 2.440000
0.012720 1.080000 2.480000
0.012740 1.120000 2.480000
0.012760 1.120000 2.480000
0.012780 1.120000 2.480000
0.012800 1.120000 2.440000
0.012820 1.120000 2.480000
0.012840 1.120000 2.480000
0.012860 1.120000 2.480000
0.012880 1.120000 2.480000
0.012900 1.120000 2.480000
0.012920 1.120000 2.480000
0.012940 1.120000 2.480000
0.012960 1.120000 2.480000
0.012980 1.160000 2.480000
0.013000 1.200000 2.480000
0.013020 1.120000 2.480000
0.013040 1.120000 2.440000
0.013060 1.160000 2.440000
0.013080 1.120000 2.440000
0.013100 1.160000 2.440000
0.013120 1.160000 2.480000
0.013140 1.160000 2.480000
0.013160 1.160000 2.440000
0.013180 1.160000 2.440000
0.013200 1.200000 2.480000
0.013220 1.200000 2.480000
0.013240 1.160000 2.480000
0.013260 1.160000 2.480000
0.013280 1.200000 2.480000
0.013300 1.200000 2.480000
0.013320 1.160000 2.440000
0.013340 1.200000 2.480000
0.013360 1.200000 2.440000
0.013380 1.200000 2.440000
0.013400 1.200000 2.440000
0.013420 1.200000 2.440000
0.013440 1.200000 2.440000
0.013460 1.200000 2.480000
0.013480 1.200000 2.480000
0.013500 1.200000 2.440000
0.013520 1.200000 2.480000
0.013540 1.200000 2.480000
0.013560 1.200000 2.480000
0.013580 1.200000 2.480000
0.013600 1.240000 2.480000
0.013620 1.240000 2.440000
0.013640 1.200000 2.480000
0.013660 1.240000 2.480000
0.013680 1.240000 2.480000
0.013700 1.240000 2.440000
0.013720 1.240000 2.440000
0.013740 1.240000 2.440000
0.013760 1.240000 2.440000
0.013780 1.240000 2.480000
0.013800 1.240000 2.480000
0.013820 1.240000 2.480000
0.013840 1.240000 2.480000
0.013860 1.240000 2.440000
0.013880 1.240000 2.480000
0.013900 1.240000 2.440000
0.013920 1.280000 2.480000
0.013940 1.240000 2.480000
0.013960 1.280000 2.480000
0.013980 1.280000 2.440000
0.014000 1.280000 2.480000
0.014020 1.280000 2.480000
0.014040 1.280000 2.480000
0.014060 1.280000 2.440000
0.014080 1.280000 2.440000
0.014100 1.280000 2.480000
0.014120 1.280000 2.480000
0.014140 1.280000 2.440000
0.014160 1.280000 2.440000
0.014180 1.280000 2.440000
0.014200 1.320000 2.480000
0.014220 1.280000 2.480000
0.014240 1.320000 2.480000
0.014260 1.280000 2.480000
0.014280 1.280000 2.480000
0.014300 1.280000 2.480000
0.014320 1.280000 2.440000
0.014340 1.320000 2.480000
0.014360 1.320000 2.440000
0.014380 1.280000 2.440000
0.014400 1.320000 2.440000
0.014420 1.320000 2.440000
0.014440 1.320000 2.480000
0.014460 1.320000 2.440000
0.014480 1.280000 2.440000
0.014500 1.320000 2.440000
0.014520 1.320000 2.480000
0.014540 1.320000 2.480000
0.014560 1.320000 2.480000
0.014580 1.360000 2.440000
0.014600 1.360000 2.440000
0.014620 1.320000 2.480000
0.014640 1.320000 2.480000
0.014660 1.320000 2.480000
0.014680 1.320000 2.480000
0.014700 1.360000 2.440000
0.014720 1.360000 2.480000
0.014740 1.360000 2.480000
0.014760 1.360000 2.440000
0.014780 1.320000 2.480000
0.014800 1.360000 2.440000
0.014820 1.360000 2.480000
0.014840 1.360000 2.440000
0.014860 1.400000 2.480000
0.014880 1.360000 2.440000
0.014900 1.360000 2.480000
0.014920 1.400000 2.480000
0.014940 1.360000 2.480000
0.014960 1.360000 2.480000
0.014980 1.400000 2.480000
0.015000 1.400000 2.440000
0.015020 1.400000 2.480000
0.015040 1.400000 2.480000
0.015060 1.400000 2.480000
0.015080 1.400000 2.440000
0.015100 1.400000 2.480000
0.015120 1.400000 2.480000
0.015140 1.400000 2.480000
0.015160 1.360000 2.480000
0.015180 1.400000 2.440000
0.015200 1.400000 2.480000
0.015220 1.440000 2.480000
0.015240 1.400000 2.480000
0.015260 1.400000 2.440000
0.015280 1.400000 2.480000
0.015300 1.400000 2.480000
0.015320 1.440000 2.440000
0.015340 1.440000 2.440000
0.015360 1.400000 2.440000
0.015380 1.400000 2.480000
0.015400 1.440000 2.440000
0.015420 1.400000 2.480000
0.015440 1.440000 2.480000
0.015460 1.400000 2.440000
0.015480 1.440000 2.440000
0.015500 1.440000 2.480000
0.015520 1.440000 2.440000
0.015540 1.440000 2.440000
0.015560 1.440000 2.440000
0.015580 1.440000 2.480000
0.015600 1.440000 2.440000
0.015620 1.440000 2.480000
0.015640 1.440000 2.480000
0.015660 1.440000 2.480000
0.015680 1.480000 2.440000
0.015700 1.440000 2.480000
0.015720 1.480000 2.440000
0.015740 1.480000 2.480000
0.015760 1.480000 2.440000
0.015780 1.480000 2.440000
0.015800 1.480000 2.480000
0.015820 1.440000 2.440000
0.015840 1.480000 2.480000
0.015860 1.480000 2.440000
0.015880 1.480000 2.440000
0.015900 1.480000 2.480000
0.015920 1.480000 2.440000
0.015940 1.440000 2.480000
0.015960 1.480000 2.480000
0.015980 1.480000 2.440000
0.016000 1.480000 2.440000
0.016020 1.480000 2.480000
0.016040 1.480000 2.480000
0.016060 1.520000 2.480000
0.016080 1.480000 2.480000
0.016100 1.520000 2.480000
0.016120 1.480000 2.480000
0.016140 1.480000 2.480000
0.016160 1.480000 2.440000
0.016180 1.480000 2.440000
0.016200 1.520000 2.480000
0.016220 1.520000 2.480000
0.016240 1.520000 2.480000
0.016260 1.480000 2.440000
0.016280 1.520000 2.440000
0.016300 1.520000 2.480000
0.016320 1.520000 2.480000
0.016340 1.520000 2.440000
0.016360 1.520000 2.480000
0.016380 1.520000 2.480000
0.016400 1.520000 2.440000
0.016420 1.520000 2.480000
0.016440 1.520000 2.480000
0.016460 1.520000 2.440000
0.016480 1.520000 2.480000
0.016500 1.560000 2.440000
0.016520 1.560000 2.480000
0.016540 1.560000 2.480000
0.016560 1.520000 2.440000
0.016580 1.520000 2.480000
0.016600 1.560000 2.440000
0.016620 1.560000 2.440000
0.016640 1.520000 2.480000
0.016660 1.560000 2.440000
0.016680 1.560000 2.480000
0.016700 1.560000 2.440000
0.016720 1.520000 2.480000
0.016740 1.560000 2.480000
0.016760 1.560000 2.480000
0.016780 1.560000 2.480000
0.016800 1.560000 2.440000
0.016820 1.560000 2.480000
0.016840 1.560000 2.440000
0.016860 1.560000 2.440000
0.016880 1.560000 2.480000
0.016900 1.560000 2.440000
0.016920 1.600000 2.440000
0.016940 1.560000 2.480000
0.016960 1.560000 2.480000
0.016980 1.560000 2.480000
0.017000 1.560000 2.480000
0.017020 1.600000 2.440000
0.017040 1.600000 2.440000
0.017060 1.600000 2.480000
0.017080 1.560000 2.480000
0.017100 1.600000 2.440000
0.017120 1.600000 2.480000
0.017140 1.560000 2.440000
0.017160 1.600000 2.440000
0.017180 1.600000 2.480000
0.017200 1.600000 2.480000
0.017220 1.600000 2.440000
0.017240 1.600000 2.480000
0.017260 1.600000 2.480000
0.017280 1.600000 2.440000
0.017300 1.600000 2.480000
0.017320 1.600000 2.440000
0.017340 1.600000 2.480000
0.017360 1.600000 2.440000
0.017380 1.600000 2.440000
0.017400 1.640000 2.480000
0.017420 1.600000 2.440000
0.017440 1.640000 2.440000
0.017460 1.640000 2.480000
0.017480 1.640000 2.440000
0.017500 1.600000 2.440000
0.017520 1.640000 2.480000
0.017540 1.640000 2.440000
0.017560 1.600000 2.480000
0.017580 1.640000 2.440000
0.017600 1.600000 2.480000
0.017620 1.600000 2.440000
0.017640 1.600000 2.480000
0.017660 1.680000 2.440000
0.017680 1.640000 2.440000
0.017700 1.640000 2.480000
0.017720 1.640000 2.440000
0.017740 1.680000 2.440000
0.017760 1.640000 2.480000
0.017780 1.640000 2.440000
0.017800 1.640000 2.480000
0.017820 1.680000 2.480000
0.017840 1.640000 2.440000
0.017860 1.680000 2.480000
0.017880 1.680000 2.440000
0.017900 1.680000 2.480000
0.017920 1.640000 2.480000
0.017940 1.680000 2.480000
0.017960 1.680000 2.440000
0.017980 1.680000 2.440000
0.018000 1.680000 2.440000
0.018020 1.680000 2.440000
0.018040 1.640000 2.480000
0.018060 1.640000 2.440000
0.018080 1.680000 2.480000
0.018100 1.680000 2.440000
0.018120 1.680000 2.440000
0.018140 1.680000 2.480000
0.018160 1.680000 2.480000
0.018180 1.720000 2.480000
0.018200 1.680000 2.480000
0.018220 1.680000 2.480000
0.018240 1.680000 2.440000
0.018260 1.680000 2.480000
0.018280 1.720000 2.440000
0.018300 1.680000 2.480000
0.018320 1.680000 2.480000
0.018340 1.720000 2.440000
0.018360 1.680000 2.440000
0.018380 1.720000 2.440000
0.018400 1.720000 2.440000
0.018420 1.680000 2.480000
0.018440 1.720000 2.480000
0.018460 1.720000 2.440000
0.018480 1.680000 2.480000
0.018500 1.720000 2.480000
0.018520 1.720000 2.480000
0.018540 1.720000 2.480000
0.018560 1.720000 2.480000
0.018580 1.720000 2.480000
0.018600 1.680000 2.480000
0.018620 1.720000 2.440000
0.018640 1.720000 2.480000
0.018660 1.720000 2.480000
0.018680 1.720000 2.440000
0.018700 1.720000 2.480000
0.018720 1.720000 2.440000
0.018740 1.720000 2.440000
0.018760 1.720000 2.480000
0.018780 1.720000 2.480000
0.018800 1.720000 2.440000
0.018820 1.760000 2.480000
0.018840 1.720000 2.440000
0.018860 1.720000 2.480000
0.018880 1.760000 2.480000
0.018900 1.720000 2.480000
0.018920 1.720000 2.480000
0.018940 1.760000 2.480000
0.018960 1.760000 2.440000
0.018980 1.760000 2.480000
0.019000 1.760000 2.480000
0.019020 1.720000 2.480000
0.019040 1.760000 2.480000
0.019060 1.760000 2.480000
0.019080 1.760000 2.480000
0.019100 1.760000 2.480000
0.019120 1.760000 2.480000
0.019140 1.760000 2.520000
0.019160 1.760000 2.480000
0.019180 1.760000 2.440000
0.019200 1.760000 2.440000
0.019220 1.760000 2.440000
0.019240 1.760000 2.440000
0.019260 1.760000 2.480000
0.019280 1.760000 2.440000
0.019300 1.760000 2.480000
0.019320 1.760000 2.480000
0.019340 1.800000 2.440000
0.019360 1.800000 2.480000
0.019380 1.800000 2.480000
0.019400 1.760000 2.480000
0.019420 1.760000 2.480000
0.019440 1.760000 2.480000
0.019460 1.760000 2.480000
0.019480 1.800000 2.480000
0.019500 1.760000 2.480000
0.019520 1.760000 2.440000
0.019540 1.760000 2.480000
0.019560 1.800000 2.480000
0.019580 1.800000 2.480000
0.019600 1.800000 2.480000
0.019620 1.760000 2.480000
0.019640 1.760000 2.440000
0.019660 1.800000 2.480000
0.019680 1.800000 2.480000
0.019700 1.800000 2.480000
0.019720 1.800000 2.480000
0.019740 1.800000 2.480000
0.019760 1.800000 2.480000
0.019780 1.760000 2.480000
0.019800 1.800000 2.480000
0.019820 1.800000 2.480000
0.019840 1.800000 2.440000
0.019860 1.800000 2.480000
0.019880 1.800000 2.480000
0.019900 1.800000 2.480000
0.019920 1.800000 2.480000
0.019940 1.800000 2.480000
0.019960 1.800000 2.440000
0.019980 1.840000 2.480000
0.020000 1.800000 2.480000
0.020020 1.800000 2.440000
0.020040 1.800000 2.440000
0.020060 1.800000 2.480000
0.020080 1.800000 2.440000
0.020100 1.800000 2.440000
0.020120 1.800000 2.480000
0.020140 1.840000 2.480000
0.020160 1.840000 2.480000
0.020180 1.800000 2.480000
0.020200 1.840000 2.480000
0.020220 1.840000 2.480000
0.020240 1.800000 2.440000
0.020260 1.840000 2.480000
0.020280 1.840000 2.480000
0.020300 1.840000 2.440000
0.020320 1.840000 2.440000
0.020340 1.800000 2.440000
0.020360 1.800000 2.480000
0.020380 1.840000 2.480000
0.020400 1.840000 2.480000
0.020420 1.880000 2.480000
0.020440 1.840000 2.440000
0.020460 1.840000 2.480000
0.020480 1.840000 2.480000
0.020500 1.880000 2.440000
0.020520 1.840000 2.440000
0.020540 1.840000 2.440000
0.020560 1.840000 2.480000
0.020580 1.840000 2.440000
0.020600 1.800000 2.480000
0.020620 1.840000 2.440000
0.020640 1.840000 2.480000
0.020660 1.840000 2.480000
0.020680 1.840000 2.480000
0.020700 1.880000 2.480000
0.020720 1.880000 2.480000
0.020740 1.840000 2.480000
0.020760 1.880000 2.480000
0.020780 1.880000 2.480000
0.020800 1.880000 2.480000
0.020820 1.840000 2.480000
0.020840 1.880000 2.480000
0.020860 1.880000 2.480000
0.020880 1.880000 2.440000
0.020900 1.880000 2.440000
0.020920 1.840000 2.440000
0.020940 1.840000 2.480000
0.020960 1.880000 2.480000
0.020980 1.880000 2.480000
0.021000 1.880000 2.480000
0.021020 1.880000 2.480000
0.021040 1.840000 2.480000
0.021060 1.880000 2.480000
0.021080 1.880000 2.480000
0.021100 1.880000 2.480000
0.021120 1.920000 2.480000
0.021140 1.880000 2.480000
0.021160 1.880000 2.440000
0.021180 1.880000 2.480000
0.021200 1.880000 2.480000
0.021220 1.880000 2.480000
0.021240 1.880000 2.480000
0.021260 1.920000 2.480000
0.021280 1.880000 2.480000
0.021300 1.880000 2.480000
0.021320 1.920000 2.440000
0.021340 1.880000 2.480000
0.021360 1.880000 2.480000
0.021380 1.880000 2.480000
0.021400 1.880000 2.480000
0.021420 1.880000 2.440000
0.021440 1.880000 2.440000
0.021460 1.880000 2.480000
0.021480 1.920000 2.480000
0.021500 1.880000 2.480000
0.021520 1.920000 2.480000
0.021540 1.880000 2.480000
0.021560 1.880000 2.480000
0.021580 1.920000 2.440000
0.021600 1.880000 2.440000
0.021620 1.920000 2.480000
0.021640 1.920000 2.480000
0.021660 1.920000 2.480000
0.021680 1.920000 2.480000
0.021700 1.920000 2.440000
0.021720 1.920000 2.480000
0.021740 1.920000 2.480000
0.021760 1.920000 2.440000
0.021780 1.880000 2.480000
0.021800 1.920000 2.480000
0.021820 1.960000 2.440000
0.021840 1.960000 2.480000
0.021860 1.920000 2.480000
0.021880 1.920000 2.480000
0.021900 1.960000 2.480000
0.021920 1.920000 2.480000
0.021940 1.920000 2.480000
0.021960 1.920000 2.480000
0.021980 1.920000 2.480000
0.022000 1.920000 2.480000
0.022020 1.920000 2.440000
0.022040 1.920000 2.440000
0.022060 1.920000 2.480000
0.022080 1.920000 2.440000
0.022100 1.960000 2.440000
0.022120 1.920000 2.520000
0.022140 1.920000 2.480000
0.022160 1.920000 2.480000
0.022180 1.920000 2.480000
0.022200 1.960000 2.480000
0.022220 1.920000 2.440000
0.022240 1.920000 2.480000
0.022260 1.920000 2.440000
0.022280 1.920000 2.440000
0.022300 1.920000 2.480000
0.022320 1.960000 2.480000
0.022340 1.920000 2.440000
0.022360 1.920000 2.440000
0.022380 1.960000 2.480000
0.022400 1.920000 2.480000
0.022420 1.960000 2.480000
0.022440 1.920000 2.480000
0.022460 1.960000 2.480000
0.022480 1.920000 2.440000
0.022500 1.920000 2.480000
0.022520 2.000000 2.440000
0.022540 2.000000 2.480000
0.022560 1.960000 2.480000
0.022580 1.960000 2.480000
0.022600 1.960000 2.480000
0.022620 1.920000 2.480000
0.022640 2.000000 2.440000
0.022660 1.960000 2.480000
0.022680 2.000000 2.480000
0.022700 1.960000 2.480000
0.022720 1.960000 2.480000
0.022740 2.000000 2.480000
0.022760 2.000000 2.440000
0.022780 1.960000 2.480000
0.022800 2.000000 2.480000
0.022820 2.000000 2.480000
0.022840 1.960000 2.480000
0.022860 2.000000 2.480000
0.022880 2.000000 2.480000
0.022900 1.960000 2.480000
0.022920 2.000000 2.440000
0.022940 2.000000 2.480000
0.022960 2.000000 2.440000
0.022980 1.960000 2.440000
0.023000 2.000000 2.440000
0.023020 2.000000 2.440000
0.023040 2.000000 2.480000
0.023060 2.000000 2.480000
0.023080 2.000000 2.480000
0.023100 2.000000 2.480000
0.023120 1.960000 2.480000
0.023140 2.000000 2.440000
0.023160 2.000000 2.480000
0.023180 2.000000 2.440000
0.023200 2.000000 2.480000
0.023220 2.000000 2.480000
0.023240 2.000000 2.480000
0.023260 2.000000 2.480000
0.023280 2.000000 2.480000
0.023300 2.000000 2.440000
0.023320 2.000000 2.480000
0.023340 2.000000 2.480000
0.023360 2.000000 2.440000
0.023380 2.040000 2.480000
0.023400 2.000000 2.480000
0.023420 2.000000 2.440000
0.023440 2.040000 2.480000
0.023460 2.040000 2.440000
0.023480 2.000000 2.480000
0.023500 2.000000 2.480000
0.023520 2.000000 2.480000
0.023540 2.040000 2.480000
0.023560 2.000000 2.480000
0.023580 2.000000 2.440000
0.023600 2.040000 2.480000
0.023620 2.040000 2.480000
0.023640 2.000000 2.440000
0.023660 2.000000 2.480000
0.023680 2.040000 2.480000
0.023700 2.040000 2.480000
0.023720 2.040000 2.480000
0.023740 2.000000 2.480000
0.023760 2.040000 2.480000
0.023780 2.040000 2.440000
0.023800 2.040000 2.440000
0.023820 2.040000 2.480000
0.023840 2.040000 2.480000
0.023860 2.040000 2.480000
0.023880 2.040000 2.440000
0.023900 2.040000 2.480000
0.023920 2.080000 2.440000
0.023940 2.040000 2.480000
0.023960 2.040000 2.440000
0.023980 2.040000 2.480000
0.024000 2.040000 2.480000
0.024020 2.040000 2.440000
0.024040 2.040000 2.440000
0.024060 2.040000 2.480000
0.024080 2.000000 2.480000
0.024100 2.040000 2.480000
0.024120 2.040000 2.480000
0.024140 2.040000 2.480000
0.024160 2.040000 2.480000
0.024180 2.040000 2.480000
0.024200 2.040000 2.480000
0.024220 2.040000 2.480000
0.024240 2.040000 2.480000
0.024260 2.040000 2.480000
0.024280 2.080000 2.440000
0.024300 2.040000 2.440000
0.024320 2.080000 2.440000
0.024340 2.040000 2.480000
0.024360 2.040000 2.440000
0.024380 2.040000 2.440000
0.024400 2.040000 2.480000
0.024420 2.080000 2.480000
0.024440 2.080000 2.480000
0.024460 2.040000 2.480000
0.024480 2.080000 2.440000
0.024500 2.080000 2.440000
0.024520 2.040000 2.440000
0.024540 2.040000 2.480000
0.024560 2.080000 2.480000
0.024580 2.080000 2.480000
0.024600 2.080000 2.480000
0.024620 2.080000 2.480000
0.024640 2.040000 2.480000
0.024660 2.040000 2.480000
0.024680 2.080000 2.480000
0.024700 2.080000 2.480000
0.024720 2.080000 2.480000
0.024740 2.040000 2.440000
0.024760 2.080000 2.480000
0.024780 2.040000 2.480000
0.024800 2.080000 2.480000
0.024820 2.080000 2.480000
0.024840 2.080000 2.480000
0.024860 2.080000 2.480000
0.024880 2.080000 2.480000
0.024900 2.080000 2.440000
0.024920 2.080000 2.480000
0.024940 2.040000 2.440000
0.024960 2.080000 2.480000
0.024980 2.080000 2.440000
0.025000 2.080000 2.480000
0.025020 2.080000 2.480000
0.025040 2.080000 2.480000
0.025060 2.080000 2.480000
0.025080 2.080000 2.440000
0.025100 2.080000 2.480000
0.025120 2.080000 2.480000
0.025140 2.080000 2.480000
0.025160 2.080000 2.480000
0.025180 2.080000 2.440000
0.025200 2.120000 2.440000
0.025220 2.080000 2.480000
0.025240 2.080000 2.440000
0.025260 2.080000 2.480000
0.025280 2.080000 2.480000
0.025300 2.120000 2.480000
0.025320 2.080000 2.440000
0.025340 2.080000 2.480000
0.025360 2.080000 2.480000
0.025380 2.080000 2.480000
0.025400 2.080000 2.480000
0.025420 2.080000 2.480000
0.025440 2.120000 2.480000
0.025460 2.080000 2.440000
0.025480 2.120000 2.440000
0.025500 2.120000 2.480000
0.025520 2.080000 2.480000
0.025540 2.120000 2.440000
0.025560 2.120000 2.440000
0.025580 2.080000 2.480000
0.025600 2.080000 2.480000
0.025620 2.120000 2.480000
0.025640 2.120000 2.480000
0.025660 2.120000 2.440000
0.025680 2.080000 2.480000
0.025700 2.080000 2.480000
0.025720 2.080000 2.480000
0.025740 2.040000 2.480000
0.025760 2.080000 2.480000
0.025780 2.120000 2.440000
0.025800 2.080000 2.480000
0.025820 2.120000 2.440000
0.025840 2.120000 2.480000
0.025860 2.080000 2.480000
0.025880 2.120000 2.480000
0.025900 2.120000 2.480000
0.025920 2.120000 2.480000
0.025940 2.120000 2.480000
0.025960 2.120000 2.480000
0.025980 2.120000 2.440000
0.026000 2.120000 2.480000
0.026020 2.080000 2.480000
0.026040 2.120000 2.480000
0.026060 2.120000 2.480000
0.026080 2.120000 2.440000
0.026100 2.120000 2.440000
0.026120 2.120000 2.480000
0.026140 2.120000 2.440000
0.026160 2.120000 2.440000
0.026180 2.120000 2.480000
0.026200 2.120000 2.480000
0.026220 2.120000 2.440000
0.026240 2.120000 2.440000
0.026260 2.120000 2.480000
0.026280 2.120000 2.480000
0.026300 2.120000 2.480000
0.026320 2.120000 2.440000
0.026340 2.120000 2.480000
0.026360 2.160000 2.440000
0.026380 2.120000 2.480000
0.026400 2.120000 2.440000
0.026420 2.160000 2.480000
0.026440 2.160000 2.480000
0.026460 2.160000 2.480000
0.026480 2.120000 2.440000
0.026500 2.120000 2.480000
0.026520 2.120000 2.480000
0.026540 2.120000 2.480000
0.026560 2.120000 2.480000
0.026580 2.120000 2.480000
0.026600 2.160000 2.480000
0.026620 2.160000 2.480000
0.026640 2.160000 2.480000
0.026660 2.120000 2.480000
0.026680 2.160000 2.480000
0.026700 2.120000 2.440000
0.026720 2.120000 2.480000
0.026740 2.120000 2.480000
0.026760 2.160000 2.440000
0.026780 2.120000 2.480000
0.026800 2.160000 2.480000
0.026820 2.160000 2.440000
0.026840 2.160000 2.480000
0.026860 2.120000 2.480000
0.026880 2.160000 2.440000
0.026900 2.160000 2.480000
0.026920 2.160000 2.480000
0.026940 2.160000 2.480000
0.026960 2.160000 2.480000
0.026980 2.160000 2.440000
0.027000 2.160000 2.440000
0.027020 2.160000 2.480000
0.027040 2.160000 2.480000
0.027060 2.160000 2.480000
0.027080 2.160000 2.480000
0.027100 2.120000 2.480000
0.027120 2.160000 2.480000
0.027140 2.160000 2.440000
0.027160 2.160000 2.440000
0.027180 2.160000 2.440000
0.027200 2.160000 2.480000
0.027220 2.160000 2.480000
0.027240 2.160000 2.480000
0.027260 2.160000 2.480000
0.027280 2.160000 2.480000
0.027300 2.120000 2.480000
0.027320 2.160000 2.440000
0.027340 2.120000 2.480000
0.027360 2.160000 2.480000
0.027380 2.160000 2.440000
0.027400 2.160000 2.480000
0.027420 2.160000 2.440000
0.027440 2.160000 2.480000
0.027460 2.160000 2.440000
0.027480 2.160000 2.480000
0.027500 2.160000 2.480000
0.027520 2.160000 2.480000
0.027540 2.160000 2.480000
0.027560 2.160000 2.480000
0.027580 2.160000 2.480000
0.027600 2.160000 2.440000
0.027620 2.160000 2.480000
0.027640 2.160000 2.480000
0.027660 2.160000 2.480000
0.027680 2.160000 2.480000
0.027700 2.160000 2.480000
0.027720 2.160000 2.480000
0.027740 2.160000 2.480000
0.027760 2.160000 2.480000
0.027780 2.160000 2.440000
0.027800 2.160000 2.480000
0.027820 2.160000 2.440000
0.027840 2.160000 2.440000
0.027860 2.160000 2.480000
0.027880 2.160000 2.480000
0.027900 2.160000 2.480000
0.027920 2.160000 2.440000
0.027940 2.160000 2.440000
0.027960 2.160000 2.440000
0.027980 2.200000 2.480000
0.028000 2.160000 2.480000
0.028020 2.160000 2.480000
0.028040 2.160000 2.480000
0.028060 2.160000 2.480000
0.028080 2.160000 2.440000
0.028100 2.200000 2.480000
0.028120 2.160000 2.440000
0.028140 2.160000 2.440000
0.028160 2.200000 2.440000
0.028180 2.200000 2.440000
0.028200 2.160000 2.440000
0.028220 2.160000 2.440000
0.028240 2.200000 2.480000
0.028260 2.160000 2.480000
0.028280 2.160000 2.480000
0.028300 2.160000 2.480000
0.028320 2.160000 2.440000
0.028340 2.160000 2.480000
0.028360 2.200000 2.480000
0.028380 2.160000 2.440000
0.028400 2.200000 2.480000
0.028420 2.200000 2.480000
0.028440 2.160000 2.480000
0.028460 2.160000 2.480000
0.028480 2.160000 2.480000
0.028500 2.200000 2.440000
0.028520 2.200000 2.480000
0.028540 2.200000 2.480000
0.028560 2.200000 2.480000
0.028580 2.160000 2.480000
0.028600 2.200000 2.440000
0.028620 2.160000 2.440000
0.028640 2.200000 2.480000
0.028660 2.200000 2.480000
0.028680 2.200000 2.480000
0.028700 2.160000 2.440000
0.028720 2.200000 2.480000
0.028740 2.200000 2.480000
0.028760 2.200000 2.480000
0.028780 2.200000 2.480000
0.028800 2.200000 2.480000
0.028820 2.200000 2.480000
0.028840 2.200000 2.440000
0.028860 2.200000 2.480000
0.028880 2.200000 2.440000
0.028900 2.200000 2.480000
0.028920 2.200000 2.480000
0.028940 2.200000 2.440000
0.028960 2.200000 2.480000
0.028980 2.160000 2.440000
0.029000 2.200000 2.480000
0.029020 2.200000 2.480000
0.029040 2.200000 2.480000
0.029060 2.200000 2.480000
0.029080 2.200000 2.480000
0.029100 2.200000 2.480000
0.029120 2.200000 2.480000
0.029140 2.200000 2.480000
0.029160 2.200000 2.480000
0.029180 2.200000 2.440000
0.029200 2.200000 2.480000
0.029220 2.200000 2.480000
0.029240 2.200000 2.440000
0.029260 2.200000 2.480000
0.029280 2.200000 2.480000
0.029300 2.200000 2.440000
0.029320 2.200000 2.480000
0.029340 2.200000 2.480000
0.029360 2.200000 2.440000
0.029380 2.200000 2.440000
0.029400 2.200000 2.440000
0.029420 2.240000 2.480000
0.029440 2.240000 2.440000
0.029460 2.200000 2.480000
0.029480 2.200000 2.480000
0.029500 2.200000 2.480000
0.029520 2.200000 2.480000
0.029540 2.240000 2.480000
0.029560 2.200000 2.480000
0.029580 2.200000 2.480000
0.029600 2.200000 2.480000
0.029620 2.200000 2.440000
0.029640 2.200000 2.480000
0.029660 2.200000 2.480000
0.029680 2.200000 2.480000
0.029700 2.200000 2.480000
0.029720 2.200000 2.480000
0.029740 2.200000 2.480000
0.029760 2.200000 2.480000
0.029780 2.200000 2.480000
0.029800 2.240000 2.480000
0.029820 2.240000 2.440000
0.029840 2.200000 2.480000
0.029860 2.200000 2.480000
0.029880 2.240000 2.440000
0.029900 2.200000 2.480000
0.029920 2.200000 2.480000
0.029940 2.200000 2.480000
0.029960 2.240000 2.480000
0.029980 2.200000 2.440000
0.030000 2.240000 2.480000
0.030020 2.240000 2.480000
0.030040 2.240000 2.480000
0.030060 2.200000 2.440000
0.030080 2.240000 2.440000
0.030100 2.200000 2.480000
0.030120 2.200000 2.440000
0.030140 2.240000 2.480000
0.030160 2.200000 2.480000
0.030180 2.200000 2.440000
0.030200 2.200000 2.480000
0.030220 2.200000 2.480000
0.030240 2.240000 2.440000
0.030260 2.240000 2.480000
0.030280 2.240000 2.480000
0.030300 2.200000 2.480000
0.030320 2.240000 2.480000
0.030340 2.200000 2.480000
0.030360 2.200000 2.480000
0.030380 2.200000 2.480000
0.030400 2.240000 2.480000
0.030420 2.240000 2.440000
0.030440 2.240000 2.480000
0.030460 2.200000 2.480000
0.030480 2.240000 2.480000
0.030500 2.240000 2.480000
0.030520 2.240000 2.440000
0.030540 2.240000 2.480000
0.030560 2.240000 2.480000
0.030580 2.240000 2.480000
0.030600 2.240000 2.480000
0.030620 2.200000 2.480000
0.030640 2.240000 2.440000
0.030660 2.240000 2.480000
0.030680 2.240000 2.480000
0.030700 2.240000 2.440000
0.030720 2.200000 2.440000
0.030740 2.240000 2.480000
0.030760 2.240000 2.480000
0.030780 2.240000 2.440000
0.030800 2.240000 2.480000
0.030820 2.240000 2.440000
0.030840 2.240000 2.440000
0.030860 2.240000 2.480000
0.030880 2.200000 2.480000
0.030900 2.240000 2.440000
0.030920 2.240000 2.480000
0.030940 2.240000 2.480000
0.030960 2.240000 2.440000
0.030980 2.240000 2.440000
0.031000 2.240000 2.480000
0.031020 2.240000 2.440000
0.031040 2.240000 2.480000
0.031060 2.240000 2.480000
0.031080 2.240000 2.440000
0.031100 2.240000 2.480000
0.031120 2.280000 2.440000
0.031140 2.240000 2.480000
0.031160 2.240000 2.480000
0.031180 2.240000 2.480000
0.031200 2.240000 2.480000
0.031220 2.240000 2.480000
0.031240 2.240000 2.440000
0.031260 2.240000 2.480000
0.031280 2.240000 2.480000
0.031300 2.240000 2.480000
0.031320 2.240000 2.480000
0.031340 2.240000 2.480000
0.031360 2.280000 2.440000
0.031380 2.280000 2.480000
0.031400 2.240000 2.440000
0.031420 2.240000 2.440000
0.031440 2.240000 2.440000
0.031460 2.240000 2.480000
0.031480 2.280000 2.480000
0.031500 2.240000 2.440000
0.031520 2.280000 2.480000
0.031540 2.280000 2.440000
0.031560 2.280000 2.480000
0.031580 2.240000 2.440000
0.031600 2.240000 2.480000
0.031620 2.240000 2.480000
0.031640 2.240000 2.480000
0.031660 2.240000 2.440000
0.031680 2.240000 2.480000
0.031700 2.240000 2.480000
0.031720 2.240000 2.480000
0.031740 2.240000 2.480000
0.031760 2.240000 2.480000
0.031780 2.240000 2.440000
0.031800 2.280000 2.440000
0.031820 2.240000 2.480000
0.031840 2.240000 2.480000
0.031860 2.240000 2.440000
0.031880 2.240000 2.480000
0.031900 2.240000 2.440000
0.031920 2.280000 2.440000
0.031940 2.280000 2.480000
0.031960 2.240000 2.440000
0.031980 2.240000 2.480000
0.032000 2.240000 2.440000
0.032020 2.280000 2.440000
0.032040 2.280000 2.480000
0.032060 2.240000 2.480000
0.032080 2.280000 2.480000
0.032100 2.240000 2.480000
0.032120 2.240000 2.480000
0.032140 2.240000 2.480000
0.032160 2.240000 2.480000
0.032180 2.240000 2.480000
0.032200 2.280000 2.480000
0.032220 2.240000 2.480000
0.032240 2.280000 2.440000
0.032260 2.240000 2.480000
0.032280 2.240000 2.480000
0.032300 2.240000 2.440000
0.032320 2.240000 2.480000
0.032340 2.240000 2.440000
0.032360 2.280000 2.480000
0.032380 2.240000 2.440000
0.032400 2.280000 2.440000
0.032420 2.240000 2.480000
0.032440 2.280000 2.440000
0.032460 2.240000 2.480000
0.032480 2.280000 2.480000
0.032500 2.280000 2.480000
0.032520 2.280000 2.480000
0.032540 2.280000 2.480000
0.032560 2.280000 2.480000
0.032580 2.280000 2.440000
0.032600 2.280000 2.480000
0.032620 2.280000 2.480000
0.032640 2.280000 2.480000
0.032660 2.280000 2.440000
0.032680 2.280000 2.480000
0.032700 2.280000 2.480000
0.032720 2.280000 2.480000
0.032740 2.240000 2.440000
0.032760 2.280000 2.480000
0.032780 2.280000 2.480000
0.032800 2.280000 2.480000
0.032820 2.280000 2.480000
0.032840 2.280000 2.440000
0.032860 2.280000 2.480000
0.032880 2.320000 2.480000
0.032900 2.280000 2.440000
0.032920 2.280000 2.480000
0.032940 2.280000 2.480000
0.032960 2.280000 2.480000
0.032980 2.280000 2.440000
0.033000 2.280000 2.480000
0.033020 2.280000 2.480000
0.033040 2.280000 2.440000
0.033060 2.280000 2.480000
0.033080 2.280000 2.480000
0.033100 2.280000 2.480000
0.033120 2.280000 2.480000
0.033140 2.280000 2.480000
0.033160 2.280000 2.480000
0.033180 2.280000 2.480000
0.033200 2.280000 2.480000
0.033220 2.280000 2.480000
0.033240 2.240000 2.440000
0.033260 2.280000 2.480000
0.033280 2.280000 2.480000
0.033300 2.280000 2.440000
0.033320 2.280000 2.480000
0.033340 2.280000 2.440000
0.033360 2.320000 2.440000
0.033380 2.280000 2.480000
0.033400 2.280000 2.440000
0.033420 2.280000 2.480000
0.033440 2.280000 2.480000
0.033460 2.280000 2.480000
0.033480 2.320000 2.480000
0.033500 2.280000 2.480000
0.033520 2.320000 2.480000
0.033540 2.280000 2.480000
0.033560 2.280000 2.480000
0.033580 2.280000 2.480000
0.033600 2.320000 2.480000
0.033620 2.280000 2.480000
0.033640 2.280000 2.480000
0.033660 2.280000 2.480000
0.033680 2.280000 2.480000
0.033700 2.280000 2.440000
0.033720 2.280000 2.480000
0.033740 2.280000 2.440000
0.033760 2.280000 2.480000
0.033780 2.280000 2.480000
0.033800 2.280000 2.480000
0.033820 2.280000 2.480000
0.033840 2.320000 2.440000
0.033860 2.280000 2.480000
0.033880 2.280000 2.480000
0.033900 2.280000 2.480000
0.033920 2.280000 2.480000
0.033940 2.280000 2.480000
0.033960 2.280000 2.480000
0.033980 2.280000 2.440000
0.034000 2.280000 2.480000
0.034020 2.280000 2.480000
0.034040 2.280000 2.480000
0.034060 2.320000 2.480000
0.034080 2.280000 2.440000
0.034100 2.280000 2.440000
0.034120 2.280000 2.480000
0.034140 2.280000 2.520000
0.034160 2.320000 2.480000
0.034180 2.280000 2.480000
0.034200 2.280000 2.480000
0.034220 2.280000 2.480000
0.034240 2.320000 2.480000
0.034260 2.280000 2.440000
0.034280 2.280000 2.480000
0.034300 2.280000 2.480000
0.034320 2.280000 2.480000
0.034340 2.320000 2.480000
0.034360 2.320000 2.480000
0.034380 2.320000 2.440000
0.034400 2.320000 2.480000
0.034420 2.280000 2.440000
0.034440 2.320000 2.440000
0.034460 2.280000 2.480000
0.034480 2.320000 2.480000
0.034500 2.280000 2.480000
0.034520 2.320000 2.480000
0.034540 2.320000 2.480000
0.034560 2.280000 2.480000
0.034580 2.320000 2.480000
0.034600 2.280000 2.480000
0.034620 2.320000 2.480000
0.034640 2.320000 2.480000
0.034660 2.320000 2.440000
0.034680 2.320000 2.440000
0.034700 2.320000 2.440000
0.034720 2.280000 2.480000
0.034740 2.280000 2.480000
0.034760 2.280000 2.480000
0.034780 2.320000 2.480000
0.034800 2.280000 2.480000
0.034820 2.320000 2.440000
0.034840 2.320000 2.480000
0.034860 2.320000 2.480000
0.034880 2.320000 2.440000
0.034900 2.320000 2.480000
0.034920 2.320000 2.480000
0.034940 2.320000 2.480000
0.034960 2.280000 2.480000
0.034980 2.320000 2.440000
0.035000 2.320000 2.480000
0.035020 2.320000 2.440000
0.035040 2.360000 2.480000
0.035060 2.320000 2.440000
0.035080 2.320000 2.480000
0.035100 2.320000 2.480000
0.035120 2.320000 2.480000
0.035140 2.320000 2.440000
0.035160 2.320000 2.480000
0.035180 2.280000 2.480000
0.035200 2.320000 2.480000
0.035220 2.320000 2.440000
0.035240 2.320000 2.480000
0.035260 2.320000 2.480000
0.035280 2.320000 2.440000
0.035300 2.320000 2.480000
0.035320 2.320000 2.440000
0.035340 2.320000 2.480000
0.035360 2.360000 2.480000
0.035380 2.320000 2.480000
0.035400 2.320000 2.440000
0.035420 2.360000 2.440000
0.035440 2.280000 2.480000
0.035460 2.320000 2.480000
0.035480 2.320000 2.440000
0.035500 2.360000 2.480000
0.035520 2.280000 2.480000
0.035540 2.320000 2.440000
0.035560 2.320000 2.480000
0.035580 2.320000 2.480000
0.035600 2.320000 2.480000
0.035620 2.320000 2.440000
0.035640 2.320000 2.440000
0.035660 2.320000 2.440000
0.035680 2.280000 2.480000
0.035700 2.320000 2.440000
0.035720 2.320000 2.480000
0.035740 2.320000 2.480000
0.035760 2.320000 2.480000
0.035780 2.360000 2.480000
0.035800 2.320000 2.480000
0.035820 2.320000 2.480000
0.035840 2.320000 2.480000
0.035860 2.280000 2.440000
0.035880 2.280000 2.480000
0.035900 2.320000 2.480000
0.035920 2.320000 2.480000
0.035940 2.360000 2.480000
0.035960 2.360000 2.480000
0.035980 2.320000 2.440000
0.036000 2.320000 2.440000
0.036020 2.320000 2.480000
0.036040 2.280000 2.480000
0.036060 2.360000 2.480000
0.036080 2.320000 2.480000
0.036100 2.360000 2.440000
0.036120 2.360000 2.440000
0.036140 2.320000 2.440000
0.036160 2.360000 2.480000
0.036180 2.320000 2.480000
0.036200 2.360000 2.480000
0.036220 2.320000 2.480000
0.036240 2.360000 2.480000
0.036260 2.360000 2.440000
0.036280 2.360000 2.480000
0.036300 2.320000 2.480000
0.036320 2.320000 2.480000
0.036340 2.360000 2.480000
0.036360 2.320000 2.480000
0.036380 2.360000 2.480000
0.036400 2.320000 2.440000
0.036420 2.360000 2.480000
0.036440 2.360000 2.480000
0.036460 2.320000 2.440000
0.036480 2.320000 2.480000
0.036500 2.320000 2.480000
0.036520 2.360000 2.480000
0.036540 2.360000 2.480000
0.036560 2.320000 2.480000
0.036580 2.360000 2.440000
0.036600 2.360000 2.440000
0.036620 2.360000 2.480000
0.036640 2.360000 2.480000
0.036660 2.320000 2.480000
0.036680 2.360000 2.480000
0.036700 2.360000 2.480000
0.036720 2.360000 2.480000
0.036740 2.360000 2.480000
0.036760 2.360000 2.440000
0.036780 2.360000 2.480000
0.036800 2.360000 2.480000
0.036820 2.360000 2.480000
0.036840 2.320000 2.480000
0.036860 2.360000 2.480000
0.036880 2.360000 2.480000
0.036900 2.360000 2.480000
0.036920 2.320000 2.480000
0.036940 2.360000 2.480000
0.036960 2.360000 2.480000
0.036980 2.360000 2.440000
0.037000 2.360000 2.480000
0.037020 2.360000 2.440000
0.037040 2.360000 2.480000
0.037060 2.360000 2.480000
0.037080 2.360000 2.480000
0.037100 2.320000 2.480000
0.037120 2.360000 2.480000
0.037140 2.320000 2.480000
0.037160 2.320000 2.440000
0.037180 2.320000 2.480000
0.037200 2.360000 2.480000
0.037220 2.360000 2.480000
0.037240 2.360000 2.480000
0.037260 2.360000 2.480000
0.037280 2.360000 2.480000
0.037300 2.360000 2.480000
0.037320 2.360000 2.440000
0.037340 2.360000 2.480000
0.037360 2.360000 2.480000
0.037380 2.400000 2.480000
0.037400 2.360000 2.480000
0.037420 2.360000 2.480000
0.037440 2.360000 2.440000
0.037460 2.320000 2.480000
0.037480 2.360000 2.440000
0.037500 2.360000 2.480000
0.037520 2.360000 2.480000
0.037540 2.320000 2.480000
0.037560 2.360000 2.480000
0.037580 2.320000 2.480000
0.037600 2.360000 2.480000
0.037620 2.320000 2.480000
0.037640 2.360000 2.480000
0.037660 2.360000 2.480000
0.037680 2.360000 2.480000
0.037700 2.360000 2.480000
0.037720 2.360000 2.480000
0.037740 2.360000 2.480000
0.037760 2.360000 2.480000
0.037780 2.360000 2.480000
0.037800 2.360000 2.480000
0.037820 2.360000 2.440000
0.037840 2.320000 2.480000
0.037860 2.360000 2.480000
0.037880 2.360000 2.480000
0.037900 2.400000 2.480000
0.037920 2.360000 2.440000
0.037940 2.360000 2.440000
0.037960 2.360000 2.480000
0.037980 2.360000 2.480000
0.038000 2.360000 2.440000
0.038020 2.360000 2.480000
0.038040 2.360000 2.480000
0.038060 2.360000 2.440000
0.038080 2.320000 2.480000
0.038100 2.360000 2.480000
0.038120 2.360000 2.440000
0.038140 2.360000 2.440000
0.038160 2.360000 2.440000
0.038180 2.360000 2.480000
0.038200 2.360000 2.480000
0.038220 2.360000 2.480000
0.038240 2.360000 2.440000
0.038260 2.360000 2.480000
0.038280 2.360000 2.480000
0.038300 2.360000 2.480000
0.038320 2.360000 2.480000
0.038340 2.360000 2.480000
0.038360 2.360000 2.480000
0.038380 2.360000 2.480000
0.038400 2.360000 2.440000
0.038420 2.400000 2.440000
0.038440 2.360000 2.480000
0.038460 2.360000 2.480000
0.038480 2.360000 2.440000
0.038500 2.360000 2.480000
0.038520 2.360000 2.480000
0.038540 2.360000 2.480000
0.038560 2.360000 2.480000
0.038580 2.360000 2.480000
0.038600 2.360000 2.480000
0.038620 2.400000 2.480000
0.038640 2.400000 2.480000
0.038660 2.360000 2.440000
0.038680 2.360000 2.480000
0.038700 2.360000 2.480000
0.038720 2.360000 2.480000
0.038740 2.360000 2.440000
0.038760 2.400000 2.440000
0.038780 2.360000 2.440000
0.038800 2.360000 2.480000
0.038820 2.360000 2.480000
0.038840 2.400000 2.440000
0.038860 2.400000 2.480000
0.038880 2.360000 2.480000
0.038900 2.360000 2.480000
0.038920 2.360000 2.440000
0.038940 2.360000 2.480000
0.038960 2.360000 2.480000
0.038980 2.320000 2.480000
0.039000 2.360000 2.440000
0.039020 2.360000 2.480000
0.039040 2.400000 2.480000
0.039060 2.360000 2.440000
0.039080 2.360000 2.440000
0.039100 2.400000 2.440000
0.039120 2.360000 2.480000
0.039140 2.360000 2.480000
0.039160 2.360000 2.480000
0.039180 2.360000 2.480000
0.039200 2.360000 2.480000
0.039220 2.360000 2.480000
0.039240 2.360000 2.480000
0.039260 2.400000 2.480000
0.039280 2.360000 2.480000
0.039300 2.400000 2.480000
0.039320 2.360000 2.480000
0.039340 2.360000 2.480000
0.039360 2.360000 2.440000
0.039380 2.400000 2.480000
0.039400 2.360000 2.440000
0.039420 2.400000 2.480000
0.039440 2.360000 2.480000
0.039460 2.400000 2.480000
0.039480 2.360000 2.480000
0.039500 2.360000 2.440000
0.039520 2.360000 2.440000
0.039540 2.400000 2.480000
0.039560 2.400000 2.480000
0.039580 2.360000 2.480000
0.039600 2.400000 2.440000
0.039620 2.360000 2.480000
0.039640 2.400000 2.480000
0.039660 2.360000 2.480000
0.039680 2.360000 2.480000
0.039700 2.360000 2.480000
0.039720 2.360000 2.440000
0.039740 2.360000 2.440000
0.039760 2.360000 2.440000
0.039780 2.400000 2.480000
0.039800 2.360000 2.480000
0.039820 2.360000 2.480000
0.039840 2.400000 2.480000
0.039860 2.360000 2.440000
0.039880 2.360000 2.480000
0.039900 2.400000 2.440000
0.039920 2.360000 2.480000
0.039940 2.360000 2.480000
0.039960 2.400000 2.480000
0.039980 2.400000 2.480000
0.040000 2.360000 2.440000
0.040020 2.360000 2.480000
0.040040 2.400000 2.480000
0.040060 2.400000 2.440000
0.040080 2.400000 2.480000
0.040100 2.400000 2.440000
0.040120 2.400000 2.480000
0.040140 2.400000 2.480000
0.040160 2.400000 2.480000
0.040180 2.360000 2.440000
0.040200 2.400000 2.480000
0.040220 2.400000 2.440000
0.040240 2.360000 2.480000
0.040260 2.400000 2.480000
0.040280 2.360000 2.440000
0.040300 2.360000 2.440000
0.040320 2.400000 2.480000
0.040340 2.360000 2.480000
0.040360 2.400000 2.480000
0.040380 2.360000 2.480000
0.040400 2.360000 2.480000
0.040420 2.360000 2.480000
0.040440 2.400000 2.440000
0.040460 2.400000 2.440000
0.040480 2.400000 2.480000
0.040500 2.400000 2.480000
0.040520 2.360000 2.480000
0.040540 2.360000 2.480000
0.040560 2.400000 2.440000
0.040580 2.360000 2.480000
0.040600 2.360000 2.440000
0.040620 2.360000 2.480000
0.040640 2.360000 2.440000
0.040660 2.400000 2.440000
0.040680 2.400000 2.480000
0.040700 2.400000 2.480000
0.040720 2.400000 2.480000
0.040740 2.400000 2.480000
0.040760 2.400000 2.480000
0.040780 2.400000 2.440000
0.040800 2.400000 2.480000
0.040820 2.400000 2.480000
0.040840 2.360000 2.480000
0.040860 2.360000 2.440000
0.040880 2.400000 2.480000
0.040900 2.400000 2.480000
0.040920 2.400000 2.440000
0.040940 2.360000 2.440000
0.040960 2.400000 2.480000
0.040980 2.360000 2.480000
0.041000 2.400000 2.480000
0.041020 2.400000 2.480000
0.041040 2.400000 2.480000
0.041060 2.360000 2.480000
0.041080 2.400000 2.480000
0.041100 2.440000 2.480000
0.041120 2.360000 2.480000
0.041140 2.360000 2.480000
0.041160 2.400000 2.480000
0.041180 2.360000 2.480000
0.041200 2.400000 2.440000
0.041220 2.400000 2.480000
0.041240 2.400000 2.440000
0.041260 2.400000 2.480000
0.041280 2.400000 2.480000
0.041300 2.400000 2.480000
0.041320 2.360000 2.480000
0.041340 2.400000 2.480000
0.041360 2.400000 2.480000
0.041380 2.360000 2.480000
0.041400 2.400000 2.440000
0.041420 2.400000 2.480000
0.041440 2.400000 2.480000
0.041460 2.400000 2.480000
0.041480 2.400000 2.480000
0.041500 2.400000 2.480000
0.041520 2.400000 2.440000
0.041540 2.400000 2.480000
0.041560 2.400000 2.480000
0.041580 2.400000 2.480000
0.041600 2.400000 2.440000
0.041620 2.400000 2.480000
0.041640 2.400000 2.440000
0.041660 2.400000 -2.440000
0.041680 2.400000 -2.480000
0.041700 2.360000 -2.480000
0.041720 2.400000 -2.480000
0.041740 2.360000 -2.480000
0.041760 2.360000 -2.480000
0.041780 2.360000 -2.480000
0.041800 2.320000 -2.480000
0.041820 2.320000 -2.480000
0.041840 2.320000 -2.480000
0.041860 2.280000 -2.480000
0.041880 2.280000 -2.480000
0.041900 2.240000 -2.480000
0.041920 2.240000 -2.480000
0.041940 2.240000 -2.480000
0.041960 2.240000 -2.520000
0.041980 2.200000 -2.480000
0.042000 2.200000 -2.480000
0.042020 2.200000 -2.520000
0.042040 2.200000 -2.480000
0.042060 2.160000 -2.520000
0.042080 2.160000 -2.480000
0.042100 2.160000 -2.480000
0.042120 2.160000 -2.520000
0.042140 2.160000 -2.480000
0.042160 2.120000 -2.480000
0.042180 2.120000 -2.480000
0.042200 2.120000 -2.520000
0.042220 2.120000 -2.480000
0.042240 2.120000 -2.520000
0.042260 2.120000 -2.480000
0.042280 2.120000 -2.480000
0.042300 2.080000 -2.520000
0.042320 2.080000 -2.480000
0.042340 2.080000 -2.480000
0.042360 2.080000 -2.520000
0.042380 2.040000 -2.520000
0.042400 2.040000 -2.520000
0.042420 2.040000 -2.480000
0.042440 2.000000 -2.480000
0.042460 2.040000 -2.480000
0.042480 2.040000 -2.480000
0.042500 2.000000 -2.480000
0.042520 2.000000 -2.480000
0.042540 2.000000 -2.480000
0.042560 2.000000 -2.480000
0.042580 1.960000 -2.480000
0.042600 1.960000 -2.480000
0.042620 1.960000 -2.480000
0.042640 1.920000 -2.480000
0.042660 1.920000 -2.480000
0.042680 1.920000 -2.520000
0.042700 1.880000 -2.480000
0.042720 1.880000 -2.480000
0.042740 1.880000 -2.480000
0.042760 1.880000 -2.520000
0.042780 1.840000 -2.480000
0.042800 1.880000 -2.520000
0.042820 1.880000 -2.480000
0.042840 1.880000 -2.480000
0.042860 1.800000 -2.480000
0.042880 1.840000 -2.480000
0.042900 1.800000 -2.520000
0.042920 1.800000 -2.480000
0.042940 1.800000 -2.480000
0.042960 1.760000 -2.480000
0.042980 1.760000 -2.480000
0.043000 1.760000 -2.480000
0.043020 1.760000 -2.480000
0.043040 1.760000 -2.520000
0.043060 1.760000 -2.480000
0.043080 1.720000 -2.480000
0.043100 1.720000 -2.480000
0.043120 1.720000 -2.480000
0.043140 1.720000 -2.480000
0.043160 1.720000 -2.480000
0.043180 1.680000 -2.520000
0.043200 1.680000 -2.520000
0.043220 1.680000 -2.480000
0.043240 1.680000 -2.480000
0.043260 1.680000 -2.480000
0.043280 1.680000 -2.480000
0.043300 1.640000 -2.520000
0.043320 1.640000 -2.480000
0.043340 1.600000 -2.480000
0.043360 1.600000 -2.520000
0.043380 1.600000 -2.480000
0.043400 1.600000 -2.520000
0.043420 1.560000 -2.520000
0.043440 1.600000 -2.480000
0.043460 1.560000 -2.520000
0.043480 1.560000 -2.480000
0.043500 1.560000 -2.480000
0.043520 1.520000 -2.520000
0.043540 1.560000 -2.480000
0.043560 1.560000 -2.480000
0.043580 1.520000 -2.520000
0.043600 1.520000 -2.480000
0.043620 1.520000 -2.480000
0.043640 1.480000 -2.520000
0.043660 1.480000 -2.520000
0.043680 1.480000 -2.520000
0.043700 1.480000 -2.480000
0.043720 1.480000 -2.520000
0.043740 1.440000 -2.480000
0.043760 1.480000 -2.520000
0.043780 1.440000 -2.480000
0.043800 1.400000 -2.520000
0.043820 1.440000 -2.520000
0.043840 1.400000 -2.480000
0.043860 1.400000 -2.480000
0.043880 1.400000 -2.480000
0.043900 1.400000 -2.520000
0.043920 1.360000 -2.480000
0.043940 1.400000 -2.480000
0.043960 1.400000 -2.480000
0.043980 1.360000 -2.480000
0.044000 1.320000 -2.480000
0.044020 1.360000 -2.520000
0.044040 1.320000 -2.520000
0.044060 1.320000 -2.520000
0.044080 1.320000 -2.480000
0.044100 1.320000 -2.480000
0.044120 1.320000 -2.520000
0.044140 1.280000 -2.480000
0.044160 1.240000 -2.480000
0.044180 1.280000 -2.480000
0.044200 1.280000 -2.480000
0.044220 1.280000 -2.480000
0.044240 1.280000 -2.480000
0.044260 1.240000 -2.480000
0.044280 1.240000 -2.480000
0.044300 1.240000 -2.520000
0.044320 1.240000 -2.480000
0.044340 1.240000 -2.520000
0.044360 1.240000 -2.480000
0.044380 1.200000 -2.520000
0.044400 1.200000 -2.480000
0.044420 1.200000 -2.480000
0.044440 1.200000 -2.520000
0.044460 1.160000 -2.480000
0.044480 1.160000 -2.520000
0.044500 1.160000 -2.520000
0.044520 1.160000 -2.520000
0.044540 1.160000 -2.520000
0.044560 1.120000 -2.480000
0.044580 1.160000 -2.480000
0.044600 1.120000 -2.520000
0.044620 1.120000 -2.520000
0.044640 1.120000 -2.480000
0.044660 1.080000 -2.520000
0.044680 1.080000 -2.520000
0.044700 1.080000 -2.480000
0.044720 1.080000 -2.480000
0.044740 1.080000 -2.520000
0.044760 1.080000 -2.480000
0.044780 1.080000 -2.520000
0.044800 1.040000 -2.480000
0.044820 1.040000 -2.480000
0.044840 1.040000 -2.480000
0.044860 1.040000 -2.480000
0.044880 1.000000 -2.480000
0.044900 1.000000 -2.520000
0.044920 1.040000 -2.520000
0.044940 1.000000 -2.520000
0.044960 1.000000 -2.480000
0.044980 1.000000 -2.520000
0.045000 1.000000 -2.520000
0.045020 0.960000 -2.480000
0.045040 1.000000 -2.480000
0.045060 0.960000 -2.480000
0.045080 0.960000 -2.480000
0.045100 0.920000 -2.520000
0.045120 0.960000 -2.480000
0.045140 0.920000 -2.480000
0.045160 0.920000 -2.480000
0.045180 0.920000 -2.520000
0.045200 0.920000 -2.520000
0.045220 0.880000 -2.480000
0.045240 0.880000 -2.520000
0.045260 0.880000 -2.520000
0.045280 0.880000 -2.480000
0.045300 0.880000 -2.480000
0.045320 0.880000 -2.520000
0.045340 0.880000 -2.480000
0.045360 0.840000 -2.520000
0.045380 0.880000 -2.480000
0.045400 0.840000 -2.520000
0.045420 0.840000 -2.520000
0.045440 0.840000 -2.520000
0.045460 0.840000 -2.480000
0.045480 0.840000 -2.480000
0.045500 0.840000 -2.520000
0.045520 0.840000 -2.520000
0.045540 0.800000 -2.520000
0.045560 0.800000 -2.520000
0.045580 0.800000 -2.480000
0.045600 0.800000 -2.520000
0.045620 0.760000 -2.520000
0.045640 0.760000 -2.520000
0.045660 0.760000 -2.480000
0.045680 0.760000 -2.520000
0.045700 0.760000 -2.520000
0.045720 0.760000 -2.520000
0.045740 0.760000 -2.480000
0.045760 0.720000 -2.480000
0.045780 0.720000 -2.520000
0.045800 0.720000 -2.480000
0.045820 0.720000 -2.520000
0.045840 0.680000 -2.520000
0.045860 0.720000 -2.480000
0.045880 0.720000 -2.480000
0.045900 0.680000 -2.520000
0.045920 0.680000 -2.520000
0.045940 0.640000 -2.520000
0.045960 0.680000 -2.520000
0.045980 0.640000 -2.480000
0.046000 0.680000 -2.520000
0.046020 0.640000 -2.480000
0.046040 0.640000 -2.480000
0.046060 0.640000 -2.480000
0.046080 0.640000 -2.520000
0.046100 0.600000 -2.520000
0.046120 0.600000 -2.520000
0.046140 0.600000 -2.480000
0.046160 0.600000 -2.520000
0.046180 0.600000 -2.520000
0.046200 0.600000 -2.520000
0.046220 0.600000 -2.480000
0.046240 0.600000 -2.520000
0.046260 0.560000 -2.480000
0.046280 0.560000 -2.480000
0.046300 0.560000 -2.480000
0.046320 0.560000 -2.480000
0.046340 0.560000 -2.480000
0.046360 0.520000 -2.480000
0.046380 0.520000 -2.520000
0.046400 0.520000 -2.520000
0.046420 0.520000 -2.520000
0.046440 0.520000 -2.520000
0.046460 0.480000 -2.520000
0.046480 0.480000 -2.520000
0.046500 0.520000 -2.520000
0.046520 0.480000 -2.480000
0.046540 0.480000 -2.520000
0.046560 0.480000 -2.520000
0.046580 0.440000 -2.520000
0.046600 0.480000 -2.520000
0.046620 0.480000 -2.480000
0.046640 0.480000 -2.480000
0.046660 0.440000 -2.480000
0.046680 0.440000 -2.520000
0.046700 0.440000 -2.520000
0.046720 0.440000 -2.480000
0.046740 0.440000 -2.480000
0.046760 0.440000 -2.520000
0.046780 0.440000 -2.480000
