-0.022600 -12.000000 -0.200000
-0.022580 -12.000000 -0.200000
-0.022560 -12.000000 -0.200000
-0.022540 -11.800000 -0.200000
-0.022520 -11.800000 -0.200000
-0.022500 -11.800000 -0.200000
-0.022480 -11.800000 -0.200000
-0.022460 -11.600000 -0.400000
-0.022440 -11.600000 -0.200000
-0.022420 -11.600000 -0.200000
-0.022400 -11.400000 -0.400000
-0.022380 -11.400000 -0.400000
-0.022360 -11.200000 -0.400000
-0.022340 -11.200000 -0.200000
-0.022320 -11.200000 -0.200000
-0.022300 -11.200000 -0.200000
-0.022280 -11.000000 -0.400000
-0.022260 -11.000000 -0.400000
-0.022240 -10.800000 -0.200000
-0.022220 -10.800000 -0.400000
-0.022200 -10.600000 -0.400000
-0.022180 -10.600000 -0.400000
-0.022160 -10.600000 -0.200000
-0.022140 -10.400000 -0.200000
-0.022120 -10.400000 -0.200000
-0.022100 -10.400000 -0.200000
-0.022080 -10.200000 -0.200000
-0.022060 -10.200000 -0.400000
-0.022040 -10.000000 -0.400000
-0.022020 -10.000000 -0.400000
-0.022000 -10.000000 -0.400000
-0.021980 -10.000000 -0.400000
-0.021960 -9.800000 -0.200000
-0.021940 -9.800000 -0.200000
-0.021920 -9.800000 -0.200000
-0.021900 -9.800000 -0.200000
-0.021880 -9.600000 -0.200000
-0.021860 -9.600000 -0.200000
-0.021840 -9.600000 -0.200000
-0.021820 -9.600000 -0.200000
-0.021800 -9.600000 -0.200000
-0.021780 -9.400000 -0.200000
-0.021760 -9.400000 -0.200000
-0.021740 -9.400000 -0.200000
-0.021720 -9.400000 -0.200000
-0.021700 -9.200000 -0.200000
-0.021680 -9.200000 -0.200000
-0.021660 -9.200000 -0.200000
-0.021640 -9.200000 -0.200000
-0.021620 -9.200000 -0.200000
-0.021600 -9.000000 -0.200000
-0.021580 -9.000000 -0.200000
-0.021560 -9.000000 -0.200000
-0.021540 -9.000000 -0.200000
-0.021520 -8.800000 -0.400000
-0.021500 -8.800000 -0.200000
-0.021480 -8.800000 -0.200000
-0.021460 -8.600000 -0.200000
-0.021440 -8.600000 -0.200000
-0.021420 -8.600000 -0.200000
-0.021400 -8.600000 -0.200000
-0.021380 -8.400000 -0.200000
-0.021360 -8.400000 -0.200000
-0.021340 -8.200000 -0.200000
-0.021320 -8.200000 -0.200000
-0.021300 -8.200000 -0.200000
-0.021280 -8.200000 -0.200000
-0.021260 -8.000000 -0.200000
-0.021240 -8.000000 -0.200000
-0.021220 -7.800000 -0.200000
-0.021200 -7.800000 -0.200000
-0.021180 -7.800000 -0.200000
-0.021160 -7.600000 -0.200000
-0.021140 -7.600000 -0.200000
-0.021120 -7.600000 -0.200000
-0.021100 -7.400000 -0.400000
-0.021080 -7.400000 -0.200000
-0.021060 -7.200000 -0.200000
-0.021040 -7.200000 -0.200000
-0.021020 -7.200000 -0.200000
-0.021000 -7.000000 -0.200000
-0.020980 -7.000000 -0.200000
-0.020960 -6.800000 -0.200000
-0.020940 -6.800000 -0.200000
-0.020920 -6.600000 -0.200000
-0.020900 -6.600000 -0.200000
-0.020880 -6.400000 -0.200000
-0.020860 -6.400000 -0.200000
-0.020840 -6.200000 -0.200000
-0.020820 -6.200000 -0.200000
-0.020800 -6.000000 -0.200000
-0.020780 -6.000000 -0.200000
-0.020760 -6.000000 -0.200000
-0.020740 -5.800000 -0.200000
-0.020720 -5.800000 -0.200000
-0.020700 -5.600000 -0.200000
-0.020680 -5.600000 -0.200000
-0.020660 -5.400000 -0.200000
-0.020640 -5.400000 -0.200000
-0.020620 -5.400000 -0.200000
-0.020600 -5.200000 -0.200000
-0.020580 -5.200000 -0.200000
-0.020560 -5.000000 -0.200000
-0.020540 -5.000000 -0.200000
-0.020520 -5.000000 -0.200000
-0.020500 -4.800000 -0.200000
-0.020480 -4.800000 -0.200000
-0.020460 -4.600000 -0.200000
-0.020440 -4.600000 -0.200000
-0.020420 -4.600000 -0.200000
-0.020400 -4.400000 -0.200000
-0.020380 -4.400000 -0.200000
-0.020360 -4.200000 -0.200000
-0.020340 -4.200000 -0.200000
-0.020320 -4.000000 -0.200000
-0.020300 -4.000000 -0.200000
-0.020280 -3.800000 -0.200000
-0.020260 -3.800000 -0.200000
-0.020240 -3.800000 -0.200000
-0.020220 -3.600000 -0.200000
-0.020200 -3.600000 -0.200000
-0.020180 -3.400000 -0.200000
-0.020160 -3.400000 -0.200000
-0.020140 -3.400000 -0.200000
-0.020120 -3.400000 -0.200000
-0.020100 -3.200000 -0.200000
-0.020080 -3.200000 -0.200000
-0.020060 -3.000000 -0.200000
-0.020040 -3.000000 -0.200000
-0.020020 -3.000000 -0.200000
-0.020000 -2.800000 -0.200000
-0.019980 -2.800000 -0.200000
-0.019960 -2.600000 -0.200000
-0.019940 -2.600000 -0.200000
-0.019920 -2.600000 -0.200000
-0.019900 -2.400000 -0.200000
-0.019880 -2.400000 -0.200000
-0.019860 -2.200000 -0.200000
-0.019840 -2.200000 -0.200000
-0.019820 -2.000000 -0.200000
-0.019800 -2.000000 -0.200000
-0.019780 -1.800000 -0.200000
-0.019760 -1.800000 -0.200000
-0.019740 -1.600000 -0.200000
-0.019720 -1.600000 -0.200000
-0.019700 -1.400000 -0.200000
-0.019680 -1.400000 -0.200000
-0.019660 -1.200000 -0.200000
-0.019640 -1.200000 -0.200000
-0.019620 -1.200000 -0.200000
-0.019600 -1.000000 -0.200000
-0.019580 -1.000000 -0.200000
-0.019560 -0.800000 -0.200000
-0.019540 -0.800000 -0.200000
-0.019520 -0.600000 -0.200000
-0.019500 -0.600000 -0.200000
-0.019480 -0.400000 -0.200000
-0.019460 -0.400000 -0.200000
-0.019440 -0.400000 -0.200000
-0.019420 -0.200000 -0.200000
-0.019400 -0.200000 -0.200000
-0.019380 0.000000 -0.200000
-0.019360 0.000000 -0.200000
-0.019340 0.200000 -0.200000
-0.019320 0.200000 -0.200000
-0.019300 0.400000 -0.200000
-0.019280 0.400000 -0.200000
-0.019260 0.400000 -0.200000
-0.019240 0.600000 -0.200000
-0.019220 0.600000 -0.200000
-0.019200 0.800000 -0.200000
-0.019180 0.800000 -0.200000
-0.019160 0.800000 -0.200000
-0.019140 1.000000 -0.200000
-0.019120 1.000000 -0.200000
-0.019100 1.000000 -0.200000
-0.019080 1.200000 -0.200000
-0.019060 1.200000 -0.200000
-0.019040 1.400000 -0.200000
-0.019020 1.400000 -0.200000
-0.019000 1.400000 -0.200000
-0.018980 1.400000 -0.200000
-0.018960 1.400000 -0.200000
-0.018940 1.600000 0.000000
-0.018920 1.600000 0.000000
-0.018900 1.600000 0.000000
-0.018880 1.600000 0.200000
-0.018860 1.600000 0.200000
-0.018840 1.600000 0.200000
-0.018820 1.600000 0.400000
-0.018800 1.600000 0.400000
-0.018780 1.600000 0.400000
-0.018760 1.600000 0.600000
-0.018740 1.600000 0.600000
-0.018720 1.600000 0.600000
-0.018700 1.600000 0.800000
-0.018680 1.600000 0.800000
-0.018660 1.600000 0.800000
-0.018640 1.600000 0.800000
-0.018620 1.600000 1.000000
-0.018600 1.600000 1.000000
-0.018580 1.600000 1.000000
-0.018560 1.600000 1.200000
-0.018540 1.600000 1.200000
-0.018520 1.600000 1.400000
-0.018500 1.600000 1.400000
-0.018480 1.600000 1.400000
-0.018460 1.600000 1.600000
-0.018440 1.600000 1.600000
-0.018420 1.600000 1.600000
-0.018400 1.600000 1.800000
-0.018380 1.600000 1.800000
-0.018360 1.600000 1.800000
-0.018340 1.600000 2.000000
-0.018320 1.600000 2.000000
-0.018300 1.600000 2.200000
-0.018280 1.600000 2.200000
-0.018260 1.600000 2.200000
-0.018240 1.600000 2.400000
-0.018220 1.600000 2.400000
-0.018200 1.600000 2.400000
-0.018180 1.600000 2.600000
-0.018160 1.600000 2.600000
-0.018140 1.600000 2.800000
-0.018120 1.600000 2.800000
-0.018100 1.600000 3.000000
-0.018080 1.600000 3.000000
-0.018060 1.600000 3.000000
-0.018040 1.600000 3.200000
-0.018020 1.600000 3.200000
-0.018000 1.600000 3.200000
-0.017980 1.600000 3.200000
-0.017960 1.600000 3.400000
-0.017940 1.600000 3.400000
-0.017920 1.600000 3.400000
-0.017900 1.600000 3.600000
-0.017880 1.600000 3.600000
-0.017860 1.600000 3.600000
-0.017840 1.600000 3.800000
-0.017820 1.600000 3.800000
-0.017800 1.600000 3.800000
-0.017780 1.600000 4.000000
-0.017760 1.600000 4.000000
-0.017740 1.600000 4.000000
-0.017720 1.600000 4.200000
-0.017700 1.600000 4.200000
-0.017680 1.600000 4.200000
-0.017660 1.600000 4.400000
-0.017640 1.600000 4.400000
-0.017620 1.600000 4.600000
-0.017600 1.600000 4.600000
-0.017580 1.600000 4.600000
-0.017560 1.600000 4.800000
-0.017540 1.600000 4.800000
-0.017520 1.600000 4.800000
-0.017500 1.600000 5.000000
-0.017480 1.600000 5.000000
-0.017460 1.600000 5.200000
-0.017440 1.600000 5.200000
-0.017420 1.600000 5.200000
-0.017400 1.600000 5.200000
-0.017380 1.600000 5.400000
-0.017360 1.600000 5.400000
-0.017340 1.600000 5.400000
-0.017320 1.600000 5.600000
-0.017300 1.600000 5.600000
-0.017280 1.600000 5.600000
-0.017260 1.600000 5.600000
-0.017240 1.600000 5.800000
-0.017220 1.600000 5.800000
-0.017200 1.600000 5.800000
-0.017180 1.600000 6.000000
-0.017160 1.600000 6.000000
-0.017140 1.600000 6.200000
-0.017120 1.600000 6.200000
-0.017100 1.600000 6.200000
-0.017080 1.600000 6.400000
-0.017060 1.600000 6.400000
-0.017040 1.600000 6.400000
-0.017020 1.600000 6.400000
-0.017000 1.600000 6.600000
-0.016980 1.600000 6.600000
-0.016960 1.600000 6.600000
-0.016940 1.600000 6.800000
-0.016920 1.600000 6.800000
-0.016900 1.600000 6.800000
-0.016880 1.600000 6.800000
-0.016860 1.600000 7.000000
-0.016840 1.600000 7.000000
-0.016820 1.600000 7.000000
-0.016800 1.600000 7.000000
-0.016780 1.600000 7.200000
-0.016760 1.600000 7.200000
-0.016740 1.600000 7.200000
-0.016720 1.600000 7.200000
-0.016700 1.600000 7.400000
-0.016680 1.600000 7.400000
-0.016660 1.600000 7.400000
-0.016640 1.600000 7.400000
-0.016620 1.600000 7.400000
-0.016600 1.600000 7.600000
-0.016580 1.600000 7.600000
-0.016560 1.600000 7.800000
-0.016540 1.600000 7.800000
-0.016520 1.600000 7.800000
-0.016500 1.600000 7.800000
-0.016480 1.600000 8.000000
-0.016460 1.600000 8.000000
-0.016440 1.600000 8.000000
-0.016420 1.600000 8.000000
-0.016400 1.600000 8.200000
-0.016380 1.600000 8.200000
-0.016360 1.600000 8.200000
-0.016340 1.600000 8.200000
-0.016320 1.600000 8.400000
-0.016300 1.600000 8.400000
-0.016280 1.600000 8.400000
-0.016260 1.600000 8.400000
-0.016240 1.600000 8.400000
-0.016220 1.600000 8.600000
-0.016200 1.600000 8.600000
-0.016180 1.600000 8.600000
-0.016160 1.600000 8.600000
-0.016140 1.600000 8.600000
-0.016120 1.600000 8.800000
-0.016100 1.600000 8.800000
-0.016080 1.600000 8.800000
-0.016060 1.600000 8.800000
-0.016040 1.600000 8.800000
-0.016020 1.600000 9.000000
-0.016000 1.600000 9.000000
-0.015980 1.600000 9.000000
-0.015960 1.600000 9.000000
-0.015940 1.600000 9.000000
-0.015920 1.600000 9.000000
-0.015900 1.600000 9.200000
-0.015880 1.600000 9.200000
-0.015860 1.600000 9.200000
-0.015840 1.600000 9.200000
-0.015820 1.600000 9.200000
-0.015800 1.600000 9.400000
-0.015780 1.600000 9.400000
-0.015760 1.600000 9.400000
-0.015740 1.600000 9.400000
-0.015720 1.600000 9.400000
-0.015700 1.600000 9.400000
-0.015680 1.600000 9.600000
-0.015660 1.600000 9.600000
-0.015640 1.800000 9.600000
-0.015620 1.600000 9.600000
-0.015600 1.600000 9.600000
-0.015580 1.600000 9.800000
-0.015560 1.600000 9.800000
-0.015540 1.600000 9.800000
-0.015520 1.600000 9.800000
-0.015500 1.800000 10.000000
-0.015480 1.600000 10.000000
-0.015460 1.800000 10.000000
-0.015440 1.800000 10.000000
-0.015420 1.800000 10.000000
-0.015400 1.600000 10.000000
-0.015380 1.800000 10.200000
-0.015360 1.600000 10.200000
-0.015340 1.600000 10.200000
-0.015320 1.800000 10.200000
-0.015300 1.600000 10.200000
-0.015280 1.600000 10.200000
-0.015260 1.600000 10.200000
-0.015240 1.600000 10.200000
-0.015220 1.800000 10.200000
-0.015200 1.600000 10.400000
-0.015180 1.600000 10.400000
-0.015160 1.600000 10.400000
-0.015140 1.800000 10.400000
-0.015120 1.800000 10.400000
-0.015100 1.600000 10.400000
-0.015080 1.600000 10.400000
-0.015060 1.600000 10.400000
-0.015040 1.800000 10.400000
-0.015020 1.600000 10.400000
-0.015000 1.600000 10.400000
-0.014980 1.600000 10.400000
-0.014960 1.600000 10.400000
-0.014940 1.800000 10.400000
-0.014920 1.600000 10.400000
-0.014900 1.600000 10.400000
-0.014880 1.800000 10.400000
-0.014860 1.600000 10.400000
-0.014840 1.600000 10.400000
-0.014820 1.800000 10.400000
-0.014800 1.800000 10.400000
-0.014780 1.800000 10.400000
-0.014760 1.600000 10.400000
-0.014740 1.800000 10.400000
-0.014720 1.600000 10.400000
-0.014700 1.800000 10.400000
-0.014680 1.600000 10.400000
-0.014660 1.800000 10.400000
-0.014640 1.600000 10.400000
-0.014620 1.800000 10.400000
-0.014600 1.800000 10.400000
-0.014580 1.800000 10.400000
-0.014560 1.800000 10.400000
-0.014540 1.600000 10.400000
-0.014520 1.800000 10.400000
-0.014500 1.600000 10.400000
-0.014480 1.800000 10.400000
-0.014460 1.600000 10.400000
-0.014440 1.800000 10.400000
-0.014420 1.600000 10.400000
-0.014400 1.600000 10.400000
-0.014380 1.600000 10.400000
-0.014360 1.800000 10.400000
-0.014340 1.600000 10.400000
-0.014320 1.600000 10.400000
-0.014300 1.800000 10.400000
-0.014280 1.600000 10.400000
-0.014260 1.600000 10.400000
-0.014240 1.600000 10.400000
-0.014220 1.800000 10.400000
-0.014200 1.600000 10.400000
-0.014180 1.800000 10.400000
-0.014160 1.600000 10.400000
-0.014140 1.600000 10.400000
-0.014120 1.600000 10.400000
-0.014100 1.600000 10.400000
-0.014080 1.600000 10.400000
-0.014060 1.600000 10.400000
-0.014040 1.800000 10.400000
-0.014020 1.600000 10.400000
-0.014000 1.800000 10.400000
-0.013980 1.800000 10.400000
-0.013960 1.800000 10.400000
-0.013940 1.600000 10.400000
-0.013920 1.800000 10.400000
-0.013900 1.600000 10.400000
-0.013880 1.600000 10.400000
-0.013860 1.800000 10.400000
-0.013840 1.600000 10.400000
-0.013820 1.600000 10.400000
-0.013800 1.600000 10.400000
-0.013780 1.600000 10.400000
-0.013760 1.800000 10.400000
-0.013740 1.800000 10.400000
-0.013720 1.800000 10.400000
-0.013700 1.800000 10.400000
-0.013680 1.600000 10.400000
-0.013660 1.600000 10.400000
-0.013640 1.800000 10.400000
-0.013620 1.800000 10.400000
-0.013600 1.800000 10.400000
-0.013580 1.800000 10.400000
-0.013560 1.600000 10.600000
-0.013540 1.800000 10.400000
-0.013520 1.800000 10.400000
-0.013500 1.600000 10.400000
-0.013480 1.800000 10.400000
-0.013460 1.600000 10.600000
-0.013440 1.800000 10.400000
-0.013420 1.800000 10.600000
-0.013400 1.800000 10.400000
-0.013380 1.800000 10.600000
-0.013360 1.800000 10.400000
-0.013340 1.800000 10.400000
-0.013320 1.800000 10.400000
-0.013300 1.600000 10.600000
-0.013280 1.600000 10.400000
-0.013260 1.800000 10.400000
-0.013240 1.800000 10.400000
-0.013220 1.800000 10.400000
-0.013200 1.600000 10.400000
-0.013180 1.600000 10.400000
-0.013160 1.600000 10.400000
-0.013140 1.600000 10.400000
-0.013120 1.600000 10.400000
-0.013100 1.600000 10.400000
-0.013080 1.600000 10.400000
-0.013060 1.800000 10.400000
-0.013040 1.800000 10.400000
-0.013020 1.600000 10.400000
-0.013000 1.600000 10.400000
-0.012980 1.800000 10.400000
-0.012960 1.600000 10.400000
-0.012940 1.600000 10.400000
-0.012920 1.800000 10.400000
-0.012900 1.800000 10.400000
-0.012880 1.600000 10.400000
-0.012860 1.600000 10.400000
-0.012840 1.800000 10.400000
-0.012820 1.600000 10.400000
-0.012800 1.600000 10.400000
-0.012780 1.600000 10.400000
-0.012760 1.600000 10.400000
-0.012740 1.800000 10.400000
-0.012720 1.600000 10.400000
-0.012700 1.600000 10.400000
-0.012680 1.600000 10.400000
-0.012660 1.800000 10.400000
-0.012640 1.600000 10.400000
-0.012620 1.800000 10.200000
-0.012600 1.600000 10.200000
-0.012580 1.800000 10.200000
-0.012560 1.800000 10.000000
-0.012540 1.600000 10.000000
-0.012520 1.600000 10.000000
-0.012500 1.600000 9.800000
-0.012480 1.800000 9.800000
-0.012460 1.600000 9.800000
-0.012440 1.600000 9.800000
-0.012420 1.600000 9.600000
-0.012400 1.600000 9.600000
-0.012380 1.800000 9.400000
-0.012360 1.600000 9.400000
-0.012340 1.600000 9.400000
-0.012320 1.600000 9.400000
-0.012300 1.600000 9.200000
-0.012280 1.600000 9.200000
-0.012260 1.600000 9.000000
-0.012240 1.600000 9.000000
-0.012220 1.600000 8.800000
-0.012200 1.600000 8.800000
-0.012180 1.600000 8.800000
-0.012160 1.600000 8.600000
-0.012140 1.600000 8.600000
-0.012120 1.600000 8.600000
-0.012100 1.600000 8.400000
-0.012080 1.600000 8.400000
-0.012060 1.600000 8.400000
-0.012040 1.600000 8.200000
-0.012020 1.600000 8.200000
-0.012000 1.600000 8.200000
-0.011980 1.600000 8.000000
-0.011960 1.600000 8.000000
-0.011940 1.600000 8.000000
-0.011920 1.600000 8.000000
-0.011900 1.600000 7.800000
-0.011880 1.600000 7.800000
-0.011860 1.600000 7.800000
-0.011840 1.600000 7.800000
-0.011820 1.600000 7.600000
-0.011800 1.600000 7.600000
-0.011780 1.600000 7.600000
-0.011760 1.600000 7.400000
-0.011740 1.600000 7.400000
-0.011720 1.600000 7.400000
-0.011700 1.600000 7.400000
-0.011680 1.600000 7.400000
-0.011660 1.600000 7.200000
-0.011640 1.600000 7.200000
-0.011620 1.600000 7.200000
-0.011600 1.600000 7.200000
-0.011580 1.600000 7.200000
-0.011560 1.600000 7.200000
-0.011540 1.600000 7.000000
-0.011520 1.600000 7.000000
-0.011500 1.600000 7.000000
-0.011480 1.600000 7.000000
-0.011460 1.600000 6.800000
-0.011440 1.600000 6.800000
-0.011420 1.600000 6.800000
-0.011400 1.600000 6.800000
-0.011380 1.600000 6.600000
-0.011360 1.600000 6.600000
-0.011340 1.600000 6.600000
-0.011320 1.600000 6.400000
-0.011300 1.600000 6.400000
-0.011280 1.600000 6.400000
-0.011260 1.600000 6.200000
-0.011240 1.600000 6.200000
-0.011220 1.600000 6.000000
-0.011200 1.600000 6.000000
-0.011180 1.600000 5.800000
-0.011160 1.600000 5.800000
-0.011140 1.600000 5.800000
-0.011120 1.600000 5.600000
-0.011100 1.600000 5.600000
-0.011080 1.600000 5.400000
-0.011060 1.600000 5.400000
-0.011040 1.600000 5.400000
-0.011020 1.600000 5.200000
-0.011000 1.600000 5.200000
-0.010980 1.600000 5.000000
-0.010960 1.600000 5.000000
-0.010940 1.600000 5.000000
-0.010920 1.600000 4.800000
-0.010900 1.600000 4.800000
-0.010880 1.600000 4.600000
-0.010860 1.600000 4.600000
-0.010840 1.600000 4.400000
-0.010820 1.600000 4.400000
-0.010800 1.600000 4.200000
-0.010780 1.600000 4.200000
-0.010760 1.600000 4.000000
-0.010740 1.600000 4.000000
-0.010720 1.600000 3.800000
-0.010700 1.600000 3.800000
-0.010680 1.600000 3.800000
-0.010660 1.600000 3.600000
-0.010640 1.600000 3.600000
-0.010620 1.600000 3.400000
-0.010600 1.600000 3.400000
-0.010580 1.600000 3.200000
-0.010560 1.600000 3.200000
-0.010540 1.600000 3.200000
-0.010520 1.600000 3.000000
-0.010500 1.600000 3.000000
-0.010480 1.600000 3.000000
-0.010460 1.600000 2.800000
-0.010440 1.600000 2.800000
-0.010420 1.600000 2.600000
-0.010400 1.600000 2.600000
-0.010380 1.600000 2.400000
-0.010360 1.600000 2.400000
-0.010340 1.600000 2.400000
-0.010320 1.600000 2.200000
-0.010300 1.600000 2.200000
-0.010280 1.600000 2.000000
-0.010260 1.600000 2.000000
-0.010240 1.600000 2.000000
-0.010220 1.600000 1.800000
-0.010200 1.600000 1.800000
-0.010180 1.600000 1.800000
-0.010160 1.600000 1.600000
-0.010140 1.600000 1.600000
-0.010120 1.600000 1.400000
-0.010100 1.600000 1.400000
-0.010080 1.600000 1.200000
-0.010060 1.600000 1.200000
-0.010040 1.600000 1.000000
-0.010020 1.600000 1.000000
-0.010000 1.600000 1.000000
-0.009980 1.600000 0.800000
-0.009960 1.600000 0.800000
-0.009940 1.600000 0.600000
-0.009920 1.600000 0.600000
-0.009900 1.600000 0.600000
-0.009880 1.600000 0.400000
-0.009860 1.600000 0.400000
-0.009840 1.600000 0.400000
-0.009820 1.600000 0.200000
-0.009800 1.600000 0.200000
-0.009780 1.600000 0.000000
-0.009760 1.600000 0.000000
-0.009740 1.600000 0.000000
-0.009720 1.400000 -0.200000
-0.009700 1.400000 -0.200000
-0.009680 1.400000 -0.200000
-0.009660 1.400000 -0.200000
-0.009640 1.200000 -0.200000
-0.009620 1.200000 -0.200000
-0.009600 1.000000 -0.200000
-0.009580 1.000000 -0.200000
-0.009560 0.800000 -0.200000
-0.009540 0.800000 -0.200000
-0.009520 0.600000 -0.200000
-0.009500 0.600000 -0.200000
-0.009480 0.600000 -0.200000
-0.009460 0.400000 -0.200000
-0.009440 0.400000 -0.200000
-0.009420 0.200000 -0.200000
-0.009400 0.200000 -0.200000
-0.009380 0.000000 -0.200000
-0.009360 0.000000 -0.200000
-0.009340 -0.200000 -0.200000
-0.009320 -0.200000 -0.200000
-0.009300 -0.400000 -0.200000
-0.009280 -0.400000 -0.200000
-0.009260 -0.400000 -0.200000
-0.009240 -0.600000 -0.200000
-0.009220 -0.600000 -0.200000
-0.009200 -0.600000 -0.200000
-0.009180 -0.800000 -0.200000
-0.009160 -0.800000 -0.200000
-0.009140 -1.000000 -0.200000
-0.009120 -1.000000 -0.200000
-0.009100 -1.000000 -0.200000
-0.009080 -1.200000 -0.200000
-0.009060 -1.200000 -0.200000
-0.009040 -1.400000 -0.200000
-0.009020 -1.400000 -0.200000
-0.009000 -1.400000 -0.200000
-0.008980 -1.600000 -0.200000
-0.008960 -1.600000 -0.200000
-0.008940 -1.600000 -0.200000
-0.008920 -1.800000 -0.200000
-0.008900 -1.800000 -0.200000
-0.008880 -2.000000 -0.200000
-0.008860 -2.000000 -0.200000
-0.008840 -2.200000 -0.200000
-0.008820 -2.200000 -0.200000
-0.008800 -2.200000 -0.200000
-0.008780 -2.400000 -0.200000
-0.008760 -2.400000 -0.200000
-0.008740 -2.400000 -0.200000
-0.008720 -2.600000 -0.200000
-0.008700 -2.600000 -0.200000
-0.008680 -2.600000 -0.200000
-0.008660 -2.800000 -0.200000
-0.008640 -2.800000 -0.200000
-0.008620 -2.800000 -0.200000
-0.008600 -3.000000 -0.200000
-0.008580 -3.000000 -0.200000
-0.008560 -3.000000 -0.200000
-0.008540 -3.200000 -0.200000
-0.008520 -3.200000 -0.200000
-0.008500 -3.200000 -0.200000
-0.008480 -3.400000 -0.200000
-0.008460 -3.400000 -0.200000
-0.008440 -3.400000 -0.200000
-0.008420 -3.400000 -0.200000
-0.008400 -3.600000 -0.200000
-0.008380 -3.600000 -0.200000
-0.008360 -3.600000 -0.200000
-0.008340 -3.800000 -0.200000
-0.008320 -3.800000 -0.200000
-0.008300 -3.800000 -0.200000
-0.008280 -4.000000 -0.200000
-0.008260 -4.000000 -0.200000
-0.008240 -4.200000 -0.200000
-0.008220 -4.200000 -0.200000
-0.008200 -4.400000 -0.200000
-0.008180 -4.400000 -0.200000
-0.008160 -4.600000 -0.200000
-0.008140 -4.600000 -0.200000
-0.008120 -4.600000 -0.200000
-0.008100 -4.800000 -0.200000
-0.008080 -4.800000 -0.200000
-0.008060 -4.800000 -0.200000
-0.008040 -5.000000 -0.200000
-0.008020 -5.000000 -0.200000
-0.008000 -5.000000 -0.200000
-0.007980 -5.200000 -0.200000
-0.007960 -5.200000 -0.200000
-0.007940 -5.200000 -0.200000
-0.007920 -5.400000 -0.200000
-0.007900 -5.400000 -0.200000
-0.007880 -5.400000 -0.200000
-0.007860 -5.600000 -0.200000
-0.007840 -5.600000 -0.200000
-0.007820 -5.600000 -0.200000
-0.007800 -5.800000 -0.200000
-0.007780 -5.800000 -0.200000
-0.007760 -5.800000 -0.200000
-0.007740 -6.000000 -0.200000
-0.007720 -6.000000 -0.200000
-0.007700 -6.000000 -0.200000
-0.007680 -6.200000 -0.200000
-0.007660 -6.200000 -0.200000
-0.007640 -6.200000 -0.200000
-0.007620 -6.400000 -0.200000
-0.007600 -6.400000 -0.200000
-0.007580 -6.600000 -0.200000
-0.007560 -6.600000 -0.200000
-0.007540 -6.600000 -0.200000
-0.007520 -6.800000 -0.200000
-0.007500 -6.800000 -0.200000
-0.007480 -6.800000 -0.200000
-0.007460 -7.000000 -0.200000
-0.007440 -7.000000 -0.200000
-0.007420 -7.000000 -0.200000
-0.007400 -7.200000 -0.200000
-0.007380 -7.200000 -0.200000
-0.007360 -7.200000 -0.200000
-0.007340 -7.400000 -0.200000
-0.007320 -7.400000 -0.200000
-0.007300 -7.400000 -0.200000
-0.007280 -7.600000 -0.200000
-0.007260 -7.600000 -0.200000
-0.007240 -7.600000 -0.200000
-0.007220 -7.600000 -0.200000
-0.007200 -7.800000 -0.200000
-0.007180 -7.800000 -0.200000
-0.007160 -7.800000 -0.200000
-0.007140 -8.000000 -0.200000
-0.007120 -8.000000 -0.200000
-0.007100 -8.000000 -0.200000
-0.007080 -8.200000 -0.200000
-0.007060 -8.200000 -0.200000
-0.007040 -8.200000 -0.200000
-0.007020 -8.200000 -0.200000
-0.007000 -8.400000 -0.200000
-0.006980 -8.400000 -0.200000
-0.006960 -8.400000 -0.200000
-0.006940 -8.600000 -0.200000
-0.006920 -8.600000 -0.200000
-0.006900 -8.600000 -0.200000
-0.006880 -8.600000 -0.200000
-0.006860 -8.800000 -0.200000
-0.006840 -8.800000 -0.200000
-0.006820 -9.000000 -0.200000
-0.006800 -9.000000 -0.200000
-0.006780 -9.000000 -0.200000
-0.006760 -9.200000 -0.200000
-0.006740 -9.200000 -0.200000
-0.006720 -9.200000 -0.200000
-0.006700 -9.200000 -0.200000
-0.006680 -9.400000 -0.200000
-0.006660 -9.400000 -0.200000
-0.006640 -9.400000 -0.200000
-0.006620 -9.400000 -0.200000
-0.006600 -9.600000 -0.200000
-0.006580 -9.600000 -0.200000
-0.006560 -9.600000 -0.200000
-0.006540 -9.600000 -0.200000
-0.006520 -9.600000 -0.200000
-0.006500 -9.800000 -0.200000
-0.006480 -9.800000 -0.200000
-0.006460 -9.800000 -0.200000
-0.006440 -9.800000 -0.200000
-0.006420 -10.000000 -0.200000
-0.006400 -10.000000 -0.200000
-0.006380 -10.000000 -0.200000
-0.006360 -10.000000 -0.200000
-0.006340 -10.200000 -0.200000
-0.006320 -10.200000 -0.200000
-0.006300 -10.200000 -0.200000
-0.006280 -10.200000 -0.200000
-0.006260 -10.400000 -0.200000
-0.006240 -10.400000 -0.200000
-0.006220 -10.400000 -0.200000
-0.006200 -10.400000 -0.400000
-0.006180 -10.600000 -0.200000
-0.006160 -10.600000 -0.200000
-0.006140 -10.600000 -0.200000
-0.006120 -10.600000 -0.200000
-0.006100 -10.600000 -0.200000
-0.006080 -10.600000 -0.200000
-0.006060 -10.800000 -0.200000
-0.006040 -10.800000 -0.200000
-0.006020 -10.800000 -0.200000
-0.006000 -10.800000 -0.200000
-0.005980 -10.800000 -0.200000
-0.005960 -10.800000 -0.200000
-0.005940 -10.800000 -0.200000
-0.005920 -11.000000 -0.400000
-0.005900 -11.000000 -0.200000
-0.005880 -11.000000 -0.200000
-0.005860 -11.000000 -0.200000
-0.005840 -11.000000 -0.200000
-0.005820 -11.200000 -0.200000
-0.005800 -11.200000 -0.200000
-0.005780 -11.200000 -0.200000
-0.005760 -11.200000 -0.400000
-0.005740 -11.400000 -0.200000
-0.005720 -11.400000 -0.200000
-0.005700 -11.400000 -0.200000
-0.005680 -11.400000 -0.200000
-0.005660 -11.400000 -0.200000
-0.005640 -11.600000 -0.200000
-0.005620 -11.600000 -0.200000
-0.005600 -11.600000 -0.200000
-0.005580 -11.600000 -0.200000
-0.005560 -11.600000 -0.200000
-0.005540 -11.600000 -0.200000
-0.005520 -11.800000 -0.200000
-0.005500 -11.800000 -0.200000
-0.005480 -11.800000 -0.200000
-0.005460 -11.800000 -0.200000
-0.005440 -11.800000 -0.200000
-0.005420 -12.000000 -0.200000
-0.005400 -12.000000 -0.200000
-0.005380 -12.000000 -0.200000
-0.005360 -12.000000 -0.200000
-0.005340 -12.000000 -0.200000
-0.005320 -12.200000 -0.200000
-0.005300 -12.200000 -0.200000
-0.005280 -12.200000 -0.200000
-0.005260 -12.200000 -0.200000
-0.005240 -12.200000 -0.200000
-0.005220 -12.200000 -0.200000
-0.005200 -12.000000 -0.400000
-0.005180 -12.200000 -0.200000
-0.005160 -12.200000 -0.200000
-0.005140 -12.200000 -0.200000
-0.005120 -12.200000 -0.200000
-0.005100 -12.200000 -0.200000
-0.005080 -12.200000 -0.400000
-0.005060 -12.200000 -0.200000
-0.005040 -12.200000 -0.200000
-0.005020 -12.200000 -0.200000
-0.005000 -12.200000 -0.200000
-0.004980 -12.200000 -0.200000
-0.004960 -12.200000 -0.200000
-0.004940 -12.200000 -0.200000
-0.004920 -12.200000 -0.200000
-0.004900 -12.200000 -0.200000
-0.004880 -12.200000 -0.200000
-0.004860 -12.200000 -0.200000
-0.004840 -12.200000 -0.200000
-0.004820 -12.200000 -0.200000
-0.004800 -12.200000 -0.200000
-0.004780 -12.200000 -0.200000
-0.004760 -12.200000 -0.400000
-0.004740 -12.200000 -0.200000
-0.004720 -12.200000 -0.200000
-0.004700 -12.200000 -0.200000
-0.004680 -12.200000 -0.200000
-0.004660 -12.200000 -0.200000
-0.004640 -12.400000 -0.200000
-0.004620 -12.200000 -0.200000
-0.004600 -12.200000 -0.200000
-0.004580 -12.200000 -0.200000
-0.004560 -12.200000 -0.400000
-0.004540 -12.400000 -0.200000
-0.004520 -12.200000 -0.200000
-0.004500 -12.200000 -0.200000
-0.004480 -12.200000 -0.200000
-0.004460 -12.400000 -0.200000
-0.004440 -12.200000 -0.200000
-0.004420 -12.200000 -0.200000
-0.004400 -12.200000 -0.200000
-0.004380 -12.400000 -0.200000
-0.004360 -12.200000 -0.400000
-0.004340 -12.400000 -0.200000
-0.004320 -12.400000 -0.200000
-0.004300 -12.200000 -0.400000
-0.004280 -12.200000 -0.200000
-0.004260 -12.200000 -0.200000
-0.004240 -12.200000 -0.200000
-0.004220 -12.200000 -0.200000
-0.004200 -12.400000 -0.200000
-0.004180 -12.400000 -0.200000
-0.004160 -12.400000 -0.200000
-0.004140 -12.400000 -0.200000
-0.004120 -12.400000 -0.400000
-0.004100 -12.400000 -0.200000
-0.004080 -12.200000 -0.400000
-0.004060 -12.400000 -0.200000
-0.004040 -12.400000 -0.200000
-0.004020 -12.400000 -0.200000
-0.004000 -12.400000 -0.200000
-0.003980 -12.400000 -0.200000
-0.003960 -12.400000 -0.200000
-0.003940 -12.400000 -0.200000
-0.003920 -12.200000 -0.400000
-0.003900 -12.400000 -0.200000
-0.003880 -12.400000 -0.200000
-0.003860 -12.400000 -0.200000
-0.003840 -12.400000 -0.200000
-0.003820 -12.400000 -0.200000
-0.003800 -12.400000 -0.200000
-0.003780 -12.400000 -0.200000
-0.003760 -12.400000 -0.200000
-0.003740 -12.400000 -0.200000
-0.003720 -12.400000 -0.200000
-0.003700 -12.400000 -0.200000
-0.003680 -12.400000 -0.200000
-0.003660 -12.400000 -0.400000
-0.003640 -12.400000 -0.200000
-0.003620 -12.400000 -0.200000
-0.003600 -12.400000 -0.200000
-0.003580 -12.400000 -0.200000
-0.003560 -12.400000 -0.200000
-0.003540 -12.400000 -0.200000
-0.003520 -12.400000 -0.200000
-0.003500 -12.400000 -0.200000
-0.003480 -12.400000 -0.400000
-0.003460 -12.400000 -0.200000
-0.003440 -12.400000 -0.200000
-0.003420 -12.400000 -0.200000
-0.003400 -12.400000 -0.200000
-0.003380 -12.400000 -0.200000
-0.003360 -12.400000 -0.400000
-0.003340 -12.400000 -0.400000
-0.003320 -12.400000 -0.200000
-0.003300 -12.400000 -0.200000
-0.003280 -12.400000 -0.200000
-0.003260 -12.400000 -0.200000
-0.003240 -12.200000 -0.400000
-0.003220 -12.400000 -0.200000
-0.003200 -12.400000 -0.200000
-0.003180 -12.400000 -0.200000
-0.003160 -12.400000 -0.200000
-0.003140 -12.400000 -0.200000
-0.003120 -12.400000 -0.200000
-0.003100 -12.400000 -0.200000
-0.003080 -12.400000 -0.200000
-0.003060 -12.400000 -0.200000
-0.003040 -12.200000 -0.200000
-0.003020 -12.400000 -0.200000
-0.003000 -12.400000 -0.200000
-0.002980 -12.400000 -0.200000
-0.002960 -12.400000 -0.200000
-0.002940 -12.400000 -0.200000
-0.002920 -12.400000 -0.200000
-0.002900 -12.400000 -0.200000
-0.002880 -12.200000 -0.200000
-0.002860 -12.200000 -0.200000
-0.002840 -12.400000 -0.200000
-0.002820 -12.200000 -0.200000
-0.002800 -12.200000 -0.200000
-0.002780 -12.200000 -0.200000
-0.002760 -12.200000 -0.200000
-0.002740 -12.200000 -0.400000
-0.002720 -12.200000 -0.400000
-0.002700 -12.200000 -0.200000
-0.002680 -12.200000 -0.200000
-0.002660 -12.200000 -0.400000
-0.002640 -12.200000 -0.400000
-0.002620 -12.000000 -0.200000
-0.002600 -12.000000 -0.200000
-0.002580 -12.000000 -0.200000
-0.002560 -12.000000 -0.200000
-0.002540 -11.800000 -0.200000
-0.002520 -11.800000 -0.200000
-0.002500 -11.800000 -0.400000
-0.002480 -11.600000 -0.400000
-0.002460 -11.600000 -0.200000
-0.002440 -11.600000 -0.400000
-0.002420 -11.600000 -0.200000
-0.002400 -11.400000 -0.200000
-0.002380 -11.400000 -0.200000
-0.002360 -11.400000 -0.200000
-0.002340 -11.200000 -0.400000
-0.002320 -11.200000 -0.400000
-0.002300 -11.000000 -0.200000
-0.002280 -11.000000 -0.200000
-0.002260 -11.000000 -0.200000
-0.002240 -10.800000 -0.400000
-0.002220 -10.800000 -0.200000
-0.002200 -10.600000 -0.400000
-0.002180 -10.600000 -0.200000
-0.002160 -10.600000 -0.200000
-0.002140 -10.400000 -0.200000
-0.002120 -10.400000 -0.400000
-0.002100 -10.400000 -0.200000
-0.002080 -10.200000 -0.400000
-0.002060 -10.200000 -0.400000
-0.002040 -10.000000 -0.200000
-0.002020 -10.000000 -0.400000
-0.002000 -10.000000 -0.400000
-0.001980 -10.000000 -0.200000
-0.001960 -9.800000 -0.200000
-0.001940 -9.800000 -0.200000
-0.001920 -9.800000 -0.200000
-0.001900 -9.800000 -0.200000
-0.001880 -9.600000 -0.200000
-0.001860 -9.600000 -0.200000
-0.001840 -9.600000 -0.200000
-0.001820 -9.600000 -0.200000
-0.001800 -9.400000 -0.400000
-0.001780 -9.400000 -0.200000
-0.001760 -9.400000 -0.200000
-0.001740 -9.400000 -0.200000
-0.001720 -9.400000 -0.200000
-0.001700 -9.200000 -0.400000
-0.001680 -9.200000 -0.200000
-0.001660 -9.200000 -0.200000
-0.001640 -9.200000 -0.200000
-0.001620 -9.000000 -0.200000
-0.001600 -9.000000 -0.200000
-0.001580 -9.000000 -0.200000
-0.001560 -9.000000 -0.200000
-0.001540 -9.000000 -0.200000
-0.001520 -8.800000 -0.200000
-0.001500 -8.800000 -0.200000
-0.001480 -8.600000 -0.400000
-0.001460 -8.600000 -0.200000
-0.001440 -8.600000 -0.200000
-0.001420 -8.600000 -0.200000
-0.001400 -8.600000 -0.200000
-0.001380 -8.400000 -0.200000
-0.001360 -8.400000 -0.200000
-0.001340 -8.400000 -0.200000
-0.001320 -8.200000 -0.200000
-0.001300 -8.200000 -0.200000
-0.001280 -8.000000 -0.200000
-0.001260 -8.000000 -0.200000
-0.001240 -8.000000 -0.200000
-0.001220 -7.800000 -0.200000
-0.001200 -7.800000 -0.200000
-0.001180 -7.800000 -0.200000
-0.001160 -7.600000 -0.200000
-0.001140 -7.600000 -0.200000
-0.001120 -7.600000 -0.200000
-0.001100 -7.400000 -0.200000
-0.001080 -7.400000 -0.200000
-0.001060 -7.200000 -0.200000
-0.001040 -7.200000 -0.200000
-0.001020 -7.000000 -0.200000
-0.001000 -7.000000 -0.200000
-0.000980 -7.000000 -0.200000
-0.000960 -6.800000 -0.200000
-0.000940 -6.800000 -0.200000
-0.000920 -6.600000 -0.200000
-0.000900 -6.600000 -0.200000
-0.000880 -6.400000 -0.200000
-0.000860 -6.400000 -0.200000
-0.000840 -6.200000 -0.200000
-0.000820 -6.200000 -0.200000
-0.000800 -6.000000 -0.200000
-0.000780 -6.000000 -0.200000
-0.000760 -5.800000 -0.200000
-0.000740 -5.800000 -0.200000
-0.000720 -5.600000 -0.200000
-0.000700 -5.600000 -0.200000
-0.000680 -5.600000 -0.200000
-0.000660 -5.400000 -0.200000
-0.000640 -5.400000 -0.200000
-0.000620 -5.200000 -0.200000
-0.000600 -5.200000 -0.200000
-0.000580 -5.200000 -0.200000
-0.000560 -5.000000 -0.200000
-0.000540 -5.000000 -0.200000
-0.000520 -4.800000 -0.200000
-0.000500 -4.800000 -0.200000
-0.000480 -4.800000 -0.200000
-0.000460 -4.600000 -0.200000
-0.000440 -4.600000 -0.200000
-0.000420 -4.400000 -0.200000
-0.000400 -4.400000 -0.200000
-0.000380 -4.400000 -0.200000
-0.000360 -4.200000 -0.200000
-0.000340 -4.200000 -0.200000
-0.000320 -4.000000 -0.200000
-0.000300 -4.000000 -0.200000
-0.000280 -3.800000 -0.200000
-0.000260 -3.800000 -0.200000
-0.000240 -3.800000 -0.200000
-0.000220 -3.600000 -0.200000
-0.000200 -3.600000 -0.200000
-0.000180 -3.400000 -0.200000
-0.000160 -3.400000 -0.200000
-0.000140 -3.400000 -0.200000
-0.000120 -3.200000 -0.200000
-0.000100 -3.200000 -0.200000
-0.000080 -3.200000 -0.200000
-0.000060 -3.000000 -0.200000
-0.000040 -3.000000 -0.200000
-0.000020 -2.800000 -0.200000
-0.000000 -2.800000 -0.200000
0.000020 -2.800000 -0.200000
0.000040 -2.600000 -0.200000
0.000060 -2.600000 -0.200000
0.000080 -2.400000 -0.200000
0.000100 -2.400000 -0.200000
0.000120 -2.400000 -0.200000
0.000140 -2.200000 -0.200000
0.000160 -2.200000 -0.200000
0.000180 -2.000000 -0.200000
0.000200 -2.000000 -0.200000
0.000220 -1.800000 -0.200000
0.000240 -1.800000 -0.200000
0.000260 -1.600000 -0.200000
0.000280 -1.600000 -0.200000
0.000300 -1.400000 -0.200000
0.000320 -1.400000 -0.200000
0.000340 -1.200000 -0.200000
0.000360 -1.200000 -0.200000
0.000380 -1.200000 -0.200000
0.000400 -1.000000 -0.200000
0.000420 -1.000000 -0.200000
0.000440 -0.800000 -0.200000
0.000460 -0.800000 -0.200000
0.000480 -0.600000 -0.200000
0.000500 -0.600000 -0.200000
0.000520 -0.400000 -0.200000
0.000540 -0.400000 -0.200000
0.000560 -0.200000 -0.200000
0.000580 -0.200000 -0.200000
0.000600 0.000000 -0.200000
0.000620 0.000000 -0.200000
0.000640 0.000000 -0.200000
0.000660 0.200000 -0.200000
0.000680 0.200000 -0.200000
0.000700 0.400000 -0.200000
0.000720 0.400000 -0.200000
0.000740 0.400000 -0.200000
0.000760 0.600000 -0.200000
0.000780 0.600000 -0.200000
0.000800 0.800000 -0.200000
0.000820 0.800000 -0.200000
0.000840 0.800000 -0.200000
0.000860 1.000000 -0.200000
0.000880 1.000000 -0.200000
0.000900 1.200000 -0.200000
0.000920 1.200000 -0.200000
0.000940 1.200000 -0.200000
0.000960 1.400000 -0.200000
0.000980 1.400000 -0.200000
0.001000 1.400000 -0.200000
0.001020 1.400000 -0.200000
0.001040 1.400000 0.000000
0.001060 1.600000 0.000000
0.001080 1.600000 0.000000
0.001100 1.600000 0.000000
0.001120 1.600000 0.200000
0.001140 1.600000 0.200000
0.001160 1.600000 0.200000
0.001180 1.600000 0.400000
0.001200 1.600000 0.400000
0.001220 1.600000 0.400000
0.001240 1.600000 0.600000
0.001260 1.600000 0.600000
0.001280 1.600000 0.600000
0.001300 1.600000 0.800000
0.001320 1.600000 0.800000
0.001340 1.600000 0.800000
0.001360 1.600000 0.800000
0.001380 1.600000 1.000000
0.001400 1.600000 1.000000
0.001420 1.600000 1.000000
0.001440 1.600000 1.200000
0.001460 1.600000 1.200000
0.001480 1.600000 1.400000
0.001500 1.600000 1.400000
0.001520 1.600000 1.600000
0.001540 1.600000 1.600000
0.001560 1.600000 1.600000
0.001580 1.600000 1.800000
0.001600 1.600000 1.800000
0.001620 1.600000 1.800000
0.001640 1.600000 2.000000
0.001660 1.600000 2.000000
0.001680 1.600000 2.000000
0.001700 1.600000 2.200000
0.001720 1.600000 2.200000
0.001740 1.600000 2.200000
0.001760 1.600000 2.400000
0.001780 1.600000 2.400000
0.001800 1.600000 2.400000
0.001820 1.600000 2.600000
0.001840 1.600000 2.600000
0.001860 1.600000 2.800000
0.001880 1.600000 2.800000
0.001900 1.600000 3.000000
0.001920 1.600000 3.000000
0.001940 1.600000 3.000000
0.001960 1.600000 3.200000
0.001980 1.600000 3.200000
0.002000 1.600000 3.200000
0.002020 1.600000 3.200000
0.002040 1.600000 3.400000
0.002060 1.600000 3.400000
0.002080 1.600000 3.400000
0.002100 1.600000 3.600000
0.002120 1.600000 3.600000
0.002140 1.600000 3.800000
0.002160 1.600000 3.800000
0.002180 1.600000 3.800000
0.002200 1.600000 3.800000
0.002220 1.600000 4.000000
0.002240 1.600000 4.000000
0.002260 1.600000 4.200000
0.002280 1.600000 4.200000
0.002300 1.600000 4.200000
0.002320 1.600000 4.400000
0.002340 1.600000 4.400000
0.002360 1.600000 4.600000
0.002380 1.600000 4.600000
0.002400 1.600000 4.600000
0.002420 1.600000 4.800000
0.002440 1.600000 4.800000
0.002460 1.600000 4.800000
0.002480 1.600000 5.000000
0.002500 1.600000 5.000000
0.002520 1.600000 5.000000
0.002540 1.600000 5.200000
0.002560 1.600000 5.200000
0.002580 1.600000 5.200000
0.002600 1.600000 5.200000
0.002620 1.600000 5.400000
0.002640 1.600000 5.400000
0.002660 1.600000 5.400000
0.002680 1.600000 5.600000
0.002700 1.600000 5.600000
0.002720 1.600000 5.600000
0.002740 1.600000 5.800000
0.002760 1.600000 5.800000
0.002780 1.600000 5.800000
0.002800 1.600000 5.800000
0.002820 1.600000 6.000000
0.002840 1.600000 6.000000
0.002860 1.600000 6.200000
0.002880 1.600000 6.200000
0.002900 1.600000 6.200000
0.002920 1.600000 6.400000
0.002940 1.600000 6.400000
0.002960 1.600000 6.400000
0.002980 1.600000 6.600000
0.003000 1.600000 6.600000
0.003020 1.600000 6.600000
0.003040 1.600000 6.600000
0.003060 1.600000 6.800000
0.003080 1.600000 6.800000
0.003100 1.600000 6.800000
0.003120 1.600000 6.800000
0.003140 1.600000 7.000000
0.003160 1.600000 7.000000
0.003180 1.600000 7.000000
0.003200 1.600000 7.200000
0.003220 1.600000 7.200000
0.003240 1.600000 7.200000
0.003260 1.600000 7.200000
0.003280 1.600000 7.200000
0.003300 1.600000 7.400000
0.003320 1.600000 7.400000
0.003340 1.600000 7.400000
0.003360 1.600000 7.400000
0.003380 1.600000 7.600000
0.003400 1.600000 7.600000
0.003420 1.600000 7.600000
0.003440 1.600000 7.800000
0.003460 1.600000 7.800000
0.003480 1.600000 7.800000
0.003500 1.600000 7.800000
0.003520 1.600000 8.000000
0.003540 1.600000 8.000000
0.003560 1.600000 8.000000
0.003580 1.600000 8.000000
0.003600 1.600000 8.200000
0.003620 1.600000 8.200000
0.003640 1.600000 8.200000
0.003660 1.600000 8.200000
0.003680 1.600000 8.400000
0.003700 1.600000 8.400000
0.003720 1.600000 8.400000
0.003740 1.600000 8.400000
0.003760 1.600000 8.600000
0.003780 1.600000 8.600000
0.003800 1.600000 8.600000
0.003820 1.600000 8.600000
0.003840 1.600000 8.600000
0.003860 1.600000 8.800000
0.003880 1.600000 8.800000
0.003900 1.600000 8.800000
0.003920 1.600000 8.800000
0.003940 1.600000 8.800000
0.003960 1.600000 9.000000
0.003980 1.600000 9.000000
0.004000 1.600000 9.000000
0.004020 1.600000 9.000000
0.004040 1.600000 9.000000
0.004060 1.600000 9.000000
0.004080 1.600000 9.000000
0.004100 1.600000 9.200000
0.004120 1.600000 9.200000
0.004140 1.600000 9.200000
0.004160 1.600000 9.200000
0.004180 1.600000 9.200000
0.004200 1.600000 9.400000
0.004220 1.600000 9.400000
0.004240 1.600000 9.400000
0.004260 1.600000 9.400000
0.004280 1.800000 9.400000
0.004300 1.800000 9.400000
0.004320 1.800000 9.600000
0.004340 1.600000 9.600000
0.004360 1.600000 9.600000
0.004380 1.800000 9.600000
0.004400 1.800000 9.600000
0.004420 1.800000 9.800000
0.004440 1.800000 9.800000
0.004460 1.600000 9.800000
0.004480 1.600000 9.800000
0.004500 1.800000 10.000000
0.004520 1.800000 10.000000
0.004540 1.800000 10.000000
0.004560 1.600000 10.000000
0.004580 1.800000 10.000000
0.004600 1.600000 10.000000
0.004620 1.600000 10.200000
0.004640 1.600000 10.200000
0.004660 1.600000 10.200000
0.004680 1.800000 10.200000
0.004700 1.600000 10.200000
0.004720 1.600000 10.200000
0.004740 1.800000 10.200000
0.004760 1.600000 10.200000
0.004780 1.600000 10.200000
0.004800 1.600000 10.400000
0.004820 1.800000 10.400000
0.004840 1.600000 10.400000
0.004860 1.600000 10.400000
0.004880 1.800000 10.400000
0.004900 1.600000 10.400000
0.004920 1.600000 10.400000
0.004940 1.600000 10.400000
0.004960 1.600000 10.400000
0.004980 1.600000 10.400000
0.005000 1.600000 10.400000
0.005020 1.600000 10.400000
0.005040 1.600000 10.400000
0.005060 1.600000 10.400000
0.005080 1.600000 10.400000
0.005100 1.600000 10.400000
0.005120 1.600000 10.400000
0.005140 1.800000 10.400000
0.005160 1.600000 10.400000
0.005180 1.600000 10.400000
0.005200 1.600000 10.400000
0.005220 1.600000 10.400000
0.005240 1.800000 10.400000
0.005260 1.800000 10.400000
0.005280 1.800000 10.400000
0.005300 1.600000 10.400000
0.005320 1.800000 10.400000
0.005340 1.800000 10.400000
0.005360 1.600000 10.400000
0.005380 1.600000 10.400000
0.005400 1.800000 10.400000
0.005420 1.800000 10.400000
0.005440 1.600000 10.400000
0.005460 1.600000 10.400000
0.005480 1.600000 10.400000
0.005500 1.600000 10.400000
0.005520 1.600000 10.400000
0.005540 1.600000 10.400000
0.005560 1.800000 10.400000
0.005580 1.800000 10.400000
0.005600 1.600000 10.400000
0.005620 1.600000 10.400000
0.005640 1.800000 10.400000
0.005660 1.800000 10.400000
0.005680 1.600000 10.400000
0.005700 1.600000 10.400000
0.005720 1.600000 10.400000
0.005740 1.800000 10.400000
0.005760 1.800000 10.400000
0.005780 1.800000 10.400000
0.005800 1.600000 10.400000
0.005820 1.600000 10.400000
0.005840 1.800000 10.400000
0.005860 1.600000 10.400000
0.005880 1.800000 10.400000
0.005900 1.800000 10.400000
0.005920 1.600000 10.400000
0.005940 1.800000 10.400000
0.005960 1.800000 10.400000
0.005980 1.600000 10.400000
0.006000 1.800000 10.400000
0.006020 1.800000 10.400000
0.006040 1.800000 10.400000
0.006060 1.800000 10.400000
0.006080 1.600000 10.400000
0.006100 1.800000 10.400000
0.006120 1.800000 10.400000
0.006140 1.800000 10.400000
0.006160 1.800000 10.600000
0.006180 1.600000 10.600000
0.006200 1.800000 10.400000
0.006220 1.600000 10.400000
0.006240 1.800000 10.400000
0.006260 1.600000 10.400000
0.006280 1.600000 10.400000
0.006300 1.600000 10.600000
0.006320 1.800000 10.400000
0.006340 1.600000 10.400000
0.006360 1.800000 10.400000
0.006380 1.600000 10.400000
0.006400 1.600000 10.600000
0.006420 1.800000 10.400000
0.006440 1.800000 10.400000
0.006460 1.800000 10.400000
0.006480 1.600000 10.400000
0.006500 1.800000 10.600000
0.006520 1.600000 10.400000
0.006540 1.800000 10.400000
0.006560 1.800000 10.400000
0.006580 1.600000 10.400000
0.006600 1.800000 10.400000
0.006620 1.600000 10.400000
0.006640 1.600000 10.600000
0.006660 1.800000 10.400000
0.006680 1.800000 10.400000
0.006700 1.800000 10.600000
0.006720 1.800000 10.400000
0.006740 1.600000 10.400000
0.006760 1.800000 10.400000
0.006780 1.600000 10.400000
0.006800 1.600000 10.400000
0.006820 1.800000 10.600000
0.006840 1.800000 10.400000
0.006860 1.600000 10.400000
0.006880 1.600000 10.400000
0.006900 1.800000 10.400000
0.006920 1.600000 10.400000
0.006940 1.800000 10.400000
0.006960 1.600000 10.400000
0.006980 1.800000 10.400000
0.007000 1.600000 10.400000
0.007020 1.600000 10.400000
0.007040 1.600000 10.400000
0.007060 1.800000 10.400000
0.007080 1.800000 10.400000
0.007100 1.600000 10.400000
0.007120 1.600000 10.400000
0.007140 1.800000 10.400000
0.007160 1.600000 10.400000
0.007180 1.600000 10.400000
0.007200 1.800000 10.400000
0.007220 1.600000 10.400000
0.007240 1.600000 10.400000
0.007260 1.600000 10.400000
0.007280 1.600000 10.400000
0.007300 1.600000 10.400000
0.007320 1.600000 10.400000
0.007340 1.600000 10.400000
0.007360 1.600000 10.200000
0.007380 1.600000 10.200000
0.007400 1.800000 10.200000
0.007420 1.600000 10.200000
0.007440 1.600000 10.000000
0.007460 1.600000 10.000000
0.007480 1.600000 10.000000
0.007500 1.600000 9.800000
0.007520 1.600000 9.800000
0.007540 1.600000 9.800000
0.007560 1.600000 9.600000
0.007580 1.600000 9.600000
0.007600 1.600000 9.600000
0.007620 1.600000 9.400000
0.007640 1.600000 9.400000
0.007660 1.600000 9.400000
0.007680 1.600000 9.200000
0.007700 1.600000 9.200000
0.007720 1.600000 9.200000
0.007740 1.600000 9.000000
0.007760 1.600000 9.000000
0.007780 1.600000 8.800000
0.007800 1.600000 8.800000
0.007820 1.600000 8.800000
0.007840 1.600000 8.600000
0.007860 1.600000 8.600000
0.007880 1.600000 8.400000
0.007900 1.600000 8.400000
0.007920 1.600000 8.400000
0.007940 1.600000 8.400000
0.007960 1.600000 8.200000
0.007980 1.600000 8.200000
0.008000 1.600000 8.200000
0.008020 1.600000 8.000000
0.008040 1.600000 8.000000
0.008060 1.600000 8.000000
0.008080 1.600000 8.000000
0.008100 1.600000 7.800000
0.008120 1.600000 7.800000
0.008140 1.600000 7.800000
0.008160 1.600000 7.800000
0.008180 1.600000 7.600000
0.008200 1.600000 7.600000
0.008220 1.600000 7.600000
0.008240 1.600000 7.400000
0.008260 1.600000 7.400000
0.008280 1.600000 7.400000
0.008300 1.600000 7.400000
0.008320 1.600000 7.200000
0.008340 1.600000 7.200000
0.008360 1.600000 7.200000
0.008380 1.600000 7.200000
0.008400 1.600000 7.200000
0.008420 1.600000 7.200000
0.008440 1.600000 7.000000
0.008460 1.600000 7.000000
0.008480 1.600000 7.000000
0.008500 1.600000 7.000000
0.008520 1.600000 7.000000
0.008540 1.600000 6.800000
0.008560 1.600000 6.800000
0.008580 1.600000 6.800000
0.008600 1.600000 6.600000
0.008620 1.600000 6.600000
0.008640 1.600000 6.600000
0.008660 1.600000 6.400000
0.008680 1.600000 6.400000
0.008700 1.600000 6.400000
0.008720 1.600000 6.400000
0.008740 1.600000 6.200000
0.008760 1.600000 6.200000
0.008780 1.600000 6.000000
0.008800 1.600000 6.000000
0.008820 1.600000 5.800000
0.008840 1.600000 5.800000
0.008860 1.600000 5.600000
0.008880 1.600000 5.600000
0.008900 1.600000 5.600000
0.008920 1.600000 5.400000
0.008940 1.600000 5.400000
0.008960 1.600000 5.200000
0.008980 1.600000 5.200000
0.009000 1.600000 5.200000
0.009020 1.600000 5.000000
0.009040 1.600000 5.000000
0.009060 1.600000 4.800000
0.009080 1.600000 4.800000
0.009100 1.600000 4.800000
0.009120 1.600000 4.600000
0.009140 1.600000 4.600000
0.009160 1.600000 4.400000
0.009180 1.600000 4.400000
0.009200 1.600000 4.200000
0.009220 1.600000 4.200000
0.009240 1.600000 4.000000
0.009260 1.600000 4.000000
0.009280 1.600000 3.800000
0.009300 1.600000 3.800000
0.009320 1.600000 3.600000
0.009340 1.600000 3.600000
0.009360 1.600000 3.600000
0.009380 1.600000 3.400000
0.009400 1.600000 3.400000
0.009420 1.600000 3.200000
0.009440 1.600000 3.200000
0.009460 1.600000 3.200000
0.009480 1.600000 3.000000
0.009500 1.600000 3.000000
0.009520 1.600000 3.000000
0.009540 1.600000 2.800000
0.009560 1.600000 2.800000
0.009580 1.600000 2.600000
0.009600 1.600000 2.600000
0.009620 1.600000 2.400000
0.009640 1.600000 2.400000
0.009660 1.600000 2.400000
0.009680 1.600000 2.200000
0.009700 1.600000 2.200000
0.009720 1.600000 2.000000
0.009740 1.600000 2.000000
0.009760 1.600000 2.000000
0.009780 1.600000 1.800000
0.009800 1.600000 1.800000
0.009820 1.600000 1.800000
0.009840 1.600000 1.600000
0.009860 1.600000 1.600000
0.009880 1.600000 1.400000
0.009900 1.600000 1.400000
0.009920 1.600000 1.200000
0.009940 1.600000 1.200000
0.009960 1.600000 1.000000
0.009980 1.600000 1.000000
0.010000 1.600000 1.000000
0.010020 1.600000 0.800000
0.010040 1.600000 0.800000
0.010060 1.600000 0.600000
0.010080 1.600000 0.600000
0.010100 1.600000 0.600000
0.010120 1.600000 0.400000
0.010140 1.600000 0.400000
0.010160 1.600000 0.200000
0.010180 1.600000 0.200000
0.010200 1.600000 0.200000
0.010220 1.600000 0.000000
0.010240 1.600000 0.000000
0.010260 1.400000 0.000000
0.010280 1.400000 -0.200000
0.010300 1.400000 -0.200000
0.010320 1.400000 -0.200000
0.010340 1.200000 -0.200000
0.010360 1.200000 -0.200000
0.010380 1.200000 -0.200000
0.010400 1.000000 -0.200000
0.010420 1.000000 -0.200000
0.010440 0.800000 -0.200000
0.010460 0.800000 -0.200000
0.010480 0.600000 -0.200000
0.010500 0.600000 -0.200000
0.010520 0.400000 -0.200000
0.010540 0.400000 -0.200000
0.010560 0.400000 -0.200000
0.010580 0.200000 -0.200000
0.010600 0.200000 -0.200000
0.010620 0.000000 -0.200000
0.010640 0.000000 -0.200000
0.010660 -0.200000 -0.200000
0.010680 -0.200000 -0.200000
0.010700 -0.400000 -0.200000
0.010720 -0.400000 -0.200000
0.010740 -0.400000 -0.200000
0.010760 -0.600000 -0.200000
0.010780 -0.600000 -0.200000
0.010800 -0.800000 -0.200000
0.010820 -0.800000 -0.200000
0.010840 -0.800000 -0.200000
0.010860 -1.000000 -0.200000
0.010880 -1.000000 -0.200000
0.010900 -1.200000 -0.200000
0.010920 -1.200000 -0.200000
0.010940 -1.200000 -0.200000
0.010960 -1.400000 -0.200000
0.010980 -1.400000 -0.200000
0.011000 -1.400000 -0.200000
0.011020 -1.600000 -0.200000
0.011040 -1.600000 -0.200000
0.011060 -1.800000 -0.200000
0.011080 -1.800000 -0.200000
0.011100 -1.800000 -0.200000
0.011120 -2.000000 -0.200000
0.011140 -2.000000 -0.200000
0.011160 -2.200000 -0.200000
0.011180 -2.200000 -0.200000
0.011200 -2.200000 -0.200000
0.011220 -2.400000 -0.200000
0.011240 -2.400000 -0.200000
0.011260 -2.600000 -0.200000
0.011280 -2.600000 -0.200000
0.011300 -2.600000 -0.200000
0.011320 -2.600000 -0.200000
0.011340 -2.800000 -0.200000
0.011360 -2.800000 -0.200000
0.011380 -2.800000 -0.200000
0.011400 -3.000000 -0.200000
0.011420 -3.000000 -0.200000
0.011440 -3.000000 -0.200000
0.011460 -3.200000 -0.200000
0.011480 -3.200000 -0.200000
0.011500 -3.200000 -0.200000
0.011520 -3.400000 -0.200000
0.011540 -3.400000 -0.200000
0.011560 -3.400000 -0.200000
0.011580 -3.400000 -0.200000
0.011600 -3.600000 -0.200000
0.011620 -3.600000 -0.200000
0.011640 -3.600000 -0.200000
0.011660 -3.800000 -0.200000
0.011680 -3.800000 -0.200000
0.011700 -4.000000 -0.200000
0.011720 -4.000000 -0.200000
0.011740 -4.000000 -0.200000
0.011760 -4.200000 -0.200000
0.011780 -4.200000 -0.200000
0.011800 -4.400000 -0.200000
0.011820 -4.400000 -0.200000
0.011840 -4.400000 -0.200000
0.011860 -4.600000 -0.200000
0.011880 -4.600000 -0.200000
0.011900 -4.800000 -0.200000
0.011920 -4.800000 -0.200000
0.011940 -4.800000 -0.200000
0.011960 -5.000000 -0.200000
0.011980 -5.000000 -0.200000
0.012000 -5.200000 -0.200000
0.012020 -5.200000 -0.200000
0.012040 -5.200000 -0.200000
0.012060 -5.400000 -0.200000
0.012080 -5.400000 -0.200000
0.012100 -5.400000 -0.200000
0.012120 -5.400000 -0.200000
0.012140 -5.600000 -0.200000
0.012160 -5.600000 -0.200000
0.012180 -5.600000 -0.200000
0.012200 -5.800000 -0.200000
0.012220 -5.800000 -0.200000
0.012240 -5.800000 -0.200000
0.012260 -6.000000 -0.200000
0.012280 -6.000000 -0.200000
0.012300 -6.000000 -0.200000
0.012320 -6.200000 -0.200000
0.012340 -6.200000 -0.200000
0.012360 -6.200000 -0.200000
0.012380 -6.400000 -0.200000
0.012400 -6.400000 -0.200000
0.012420 -6.600000 -0.200000
0.012440 -6.600000 -0.200000
0.012460 -6.600000 -0.200000
0.012480 -6.800000 -0.200000
0.012500 -6.800000 -0.200000
0.012520 -6.800000 -0.200000
0.012540 -7.000000 -0.200000
0.012560 -7.000000 -0.200000
0.012580 -7.200000 -0.200000
0.012600 -7.200000 -0.200000
0.012620 -7.200000 -0.200000
0.012640 -7.400000 -0.200000
0.012660 -7.400000 -0.200000
0.012680 -7.400000 -0.200000
0.012700 -7.400000 -0.200000
0.012720 -7.600000 -0.200000
0.012740 -7.600000 -0.200000
0.012760 -7.600000 -0.200000
0.012780 -7.600000 -0.200000
0.012800 -7.800000 -0.200000
0.012820 -7.800000 -0.200000
0.012840 -7.800000 -0.200000
0.012860 -8.000000 -0.200000
0.012880 -8.000000 -0.200000
0.012900 -8.000000 -0.200000
0.012920 -8.200000 -0.200000
0.012940 -8.200000 -0.200000
0.012960 -8.200000 -0.200000
0.012980 -8.400000 -0.200000
0.013000 -8.400000 -0.200000
0.013020 -8.400000 -0.200000
0.013040 -8.400000 -0.200000
0.013060 -8.600000 -0.200000
0.013080 -8.600000 -0.200000
0.013100 -8.600000 -0.200000
0.013120 -8.800000 -0.200000
0.013140 -8.800000 -0.200000
0.013160 -8.800000 -0.200000
0.013180 -9.000000 -0.200000
0.013200 -9.000000 -0.200000
0.013220 -9.000000 -0.200000
0.013240 -9.200000 -0.200000
0.013260 -9.200000 -0.200000
0.013280 -9.200000 -0.200000
0.013300 -9.200000 -0.200000
0.013320 -9.400000 -0.200000
0.013340 -9.400000 -0.200000
0.013360 -9.400000 -0.200000
0.013380 -9.400000 -0.200000
0.013400 -9.600000 -0.200000
0.013420 -9.600000 -0.200000
0.013440 -9.600000 -0.200000
0.013460 -9.600000 -0.200000
0.013480 -9.800000 -0.200000
0.013500 -9.800000 -0.200000
0.013520 -9.800000 -0.200000
0.013540 -9.800000 -0.200000
0.013560 -10.000000 -0.200000
0.013580 -10.000000 -0.200000
0.013600 -10.000000 -0.200000
0.013620 -10.000000 -0.200000
0.013640 -10.200000 -0.200000
0.013660 -10.200000 -0.200000
0.013680 -10.200000 -0.200000
0.013700 -10.200000 -0.200000
0.013720 -10.200000 -0.200000
0.013740 -10.200000 -0.400000
0.013760 -10.400000 -0.200000
0.013780 -10.400000 -0.200000
0.013800 -10.400000 -0.200000
0.013820 -10.400000 -0.200000
0.013840 -10.600000 -0.200000
0.013860 -10.600000 -0.200000
0.013880 -10.600000 -0.400000
0.013900 -10.600000 -0.200000
0.013920 -10.600000 -0.200000
0.013940 -10.600000 -0.400000
0.013960 -10.800000 -0.400000
0.013980 -10.800000 -0.200000
0.014000 -10.800000 -0.200000
0.014020 -10.800000 -0.200000
0.014040 -10.800000 -0.200000
0.014060 -10.800000 -0.200000
0.014080 -11.000000 -0.200000
0.014100 -11.000000 -0.200000
0.014120 -11.000000 -0.200000
0.014140 -11.000000 -0.200000
0.014160 -11.200000 -0.200000
0.014180 -11.200000 -0.200000
0.014200 -11.200000 -0.200000
0.014220 -11.200000 -0.200000
0.014240 -11.200000 -0.200000
0.014260 -11.200000 -0.200000
0.014280 -11.200000 -0.400000
0.014300 -11.400000 -0.200000
0.014320 -11.400000 -0.200000
0.014340 -11.400000 -0.400000
0.014360 -11.400000 -0.400000
0.014380 -11.600000 -0.200000
0.014400 -11.600000 -0.200000
0.014420 -11.600000 -0.200000
0.014440 -11.600000 -0.200000
0.014460 -11.800000 -0.200000
0.014480 -11.800000 -0.200000
0.014500 -11.800000 -0.200000
0.014520 -11.800000 -0.200000
0.014540 -11.800000 -0.200000
0.014560 -11.800000 -0.200000
0.014580 -12.000000 -0.200000
0.014600 -12.000000 -0.200000
0.014620 -12.000000 -0.200000
0.014640 -12.000000 -0.200000
0.014660 -12.000000 -0.400000
0.014680 -12.000000 -0.200000
0.014700 -12.000000 -0.200000
0.014720 -12.200000 -0.200000
0.014740 -12.200000 -0.200000
0.014760 -12.200000 -0.200000
0.014780 -12.200000 -0.200000
0.014800 -12.200000 -0.200000
0.014820 -12.200000 -0.200000
0.014840 -12.200000 -0.200000
0.014860 -12.200000 -0.200000
0.014880 -12.200000 -0.200000
0.014900 -12.200000 -0.200000
0.014920 -12.200000 -0.400000
0.014940 -12.200000 -0.200000
0.014960 -12.200000 -0.200000
0.014980 -12.200000 -0.200000
0.015000 -12.200000 -0.200000
0.015020 -12.200000 -0.200000
0.015040 -12.200000 -0.200000
0.015060 -12.200000 -0.200000
0.015080 -12.200000 -0.200000
0.015100 -12.200000 -0.200000
0.015120 -12.200000 -0.400000
0.015140 -12.200000 -0.400000
0.015160 -12.200000 -0.200000
0.015180 -12.200000 -0.200000
0.015200 -12.200000 -0.200000
0.015220 -12.200000 -0.200000
0.015240 -12.200000 -0.200000
0.015260 -12.200000 -0.200000
0.015280 -12.200000 -0.200000
0.015300 -12.200000 -0.200000
0.015320 -12.200000 -0.200000
0.015340 -12.200000 -0.200000
0.015360 -12.200000 -0.400000
0.015380 -12.200000 -0.200000
0.015400 -12.200000 -0.200000
0.015420 -12.200000 -0.200000
0.015440 -12.200000 -0.200000
0.015460 -12.200000 -0.200000
0.015480 -12.200000 -0.200000
0.015500 -12.400000 -0.200000
0.015520 -12.200000 -0.400000
0.015540 -12.400000 -0.200000
0.015560 -12.200000 -0.200000
0.015580 -12.400000 -0.200000
0.015600 -12.400000 -0.200000
0.015620 -12.200000 -0.200000
0.015640 -12.200000 -0.400000
0.015660 -12.400000 -0.200000
0.015680 -12.200000 -0.400000
0.015700 -12.200000 -0.400000
0.015720 -12.200000 -0.200000
0.015740 -12.400000 -0.200000
0.015760 -12.400000 -0.200000
0.015780 -12.400000 -0.200000
0.015800 -12.400000 -0.200000
0.015820 -12.200000 -0.400000
0.015840 -12.400000 -0.200000
0.015860 -12.200000 -0.200000
0.015880 -12.400000 -0.200000
0.015900 -12.200000 -0.200000
0.015920 -12.400000 -0.200000
0.015940 -12.400000 -0.200000
0.015960 -12.400000 -0.200000
0.015980 -12.400000 -0.200000
0.016000 -12.200000 -0.400000
0.016020 -12.400000 -0.200000
0.016040 -12.400000 -0.200000
0.016060 -12.400000 -0.200000
0.016080 -12.400000 -0.200000
0.016100 -12.400000 -0.200000
0.016120 -12.400000 -0.400000
0.016140 -12.400000 -0.400000
0.016160 -12.400000 -0.200000
0.016180 -12.400000 -0.200000
0.016200 -12.400000 -0.200000
0.016220 -12.400000 -0.400000
0.016240 -12.400000 -0.200000
0.016260 -12.400000 -0.200000
0.016280 -12.400000 -0.200000
0.016300 -12.400000 -0.200000
0.016320 -12.400000 -0.200000
0.016340 -12.400000 -0.200000
0.016360 -12.400000 -0.200000
0.016380 -12.400000 -0.200000
0.016400 -12.400000 -0.200000
0.016420 -12.400000 -0.200000
0.016440 -12.400000 -0.200000
0.016460 -12.400000 -0.200000
0.016480 -12.400000 -0.200000
0.016500 -12.200000 -0.400000
0.016520 -12.400000 -0.200000
0.016540 -12.400000 -0.400000
0.016560 -12.400000 -0.200000
0.016580 -12.200000 -0.400000
0.016600 -12.400000 -0.400000
0.016620 -12.400000 -0.200000
0.016640 -12.400000 -0.200000
0.016660 -12.400000 -0.200000
0.016680 -12.400000 -0.200000
0.016700 -12.400000 -0.200000
0.016720 -12.400000 -0.200000
0.016740 -12.400000 -0.200000
0.016760 -12.400000 -0.200000
0.016780 -12.400000 -0.200000
0.016800 -12.400000 -0.200000
0.016820 -12.400000 -0.200000
0.016840 -12.400000 -0.200000
0.016860 -12.400000 -0.400000
0.016880 -12.400000 -0.200000
0.016900 -12.400000 -0.400000
0.016920 -12.400000 -0.200000
0.016940 -12.400000 -0.200000
0.016960 -12.400000 -0.200000
0.016980 -12.200000 -0.400000
0.017000 -12.400000 -0.200000
0.017020 -12.400000 -0.200000
0.017040 -12.400000 -0.200000
0.017060 -12.400000 -0.200000
0.017080 -12.400000 -0.200000
0.017100 -12.200000 -0.200000
0.017120 -12.200000 -0.400000
0.017140 -12.200000 -0.400000
0.017160 -12.200000 -0.400000
0.017180 -12.200000 -0.200000
0.017200 -12.200000 -0.200000
0.017220 -12.200000 -0.200000
0.017240 -12.200000 -0.200000
0.017260 -12.200000 -0.200000
0.017280 -12.200000 -0.200000
0.017300 -12.200000 -0.400000
0.017320 -12.200000 -0.400000
0.017340 -12.200000 -0.200000
0.017360 -12.200000 -0.200000
0.017380 -12.000000 -0.400000
0.017400 -12.000000 -0.400000
0.017420 -12.000000 -0.200000
0.017440 -11.800000 -0.400000
0.017460 -11.800000 -0.200000
0.017480 -11.800000 -0.200000
0.017500 -11.600000 -0.400000
0.017520 -11.800000 -0.200000
0.017540 -11.600000 -0.200000
0.017560 -11.600000 -0.200000
0.017580 -11.400000 -0.200000
0.017600 -11.400000 -0.400000
0.017620 -11.400000 -0.200000
0.017640 -11.200000 -0.200000
0.017660 -11.200000 -0.200000
0.017680 -11.000000 -0.400000
0.017700 -11.000000 -0.200000
0.017720 -11.000000 -0.400000
0.017740 -11.000000 -0.200000
0.017760 -10.800000 -0.200000
0.017780 -10.800000 -0.200000
0.017800 -10.600000 -0.200000
0.017820 -10.600000 -0.400000
0.017840 -10.600000 -0.200000
0.017860 -10.400000 -0.200000
0.017880 -10.400000 -0.200000
0.017900 -10.200000 -0.400000
0.017920 -10.200000 -0.200000
0.017940 -10.200000 -0.200000
0.017960 -10.000000 -0.200000
0.017980 -10.000000 -0.200000
0.018000 -10.000000 -0.200000
0.018020 -10.000000 -0.200000
0.018040 -9.800000 -0.400000
0.018060 -9.800000 -0.200000
0.018080 -9.800000 -0.200000
0.018100 -9.600000 -0.200000
0.018120 -9.600000 -0.400000
0.018140 -9.600000 -0.200000
0.018160 -9.600000 -0.200000
0.018180 -9.600000 -0.200000
0.018200 -9.400000 -0.200000
0.018220 -9.400000 -0.200000
0.018240 -9.400000 -0.200000
0.018260 -9.400000 -0.200000
0.018280 -9.400000 -0.200000
0.018300 -9.200000 -0.200000
0.018320 -9.200000 -0.200000
0.018340 -9.200000 -0.400000
0.018360 -9.200000 -0.200000
0.018380 -9.000000 -0.200000
0.018400 -9.000000 -0.200000
0.018420 -9.000000 -0.200000
0.018440 -9.000000 -0.200000
0.018460 -8.800000 -0.200000
0.018480 -8.800000 -0.200000
0.018500 -8.800000 -0.200000
0.018520 -8.800000 -0.200000
0.018540 -8.600000 -0.200000
0.018560 -8.600000 -0.200000
0.018580 -8.600000 -0.200000
0.018600 -8.400000 -0.200000
0.018620 -8.400000 -0.200000
0.018640 -8.400000 -0.200000
0.018660 -8.200000 -0.200000
0.018680 -8.200000 -0.200000
0.018700 -8.200000 -0.200000
0.018720 -8.000000 -0.200000
0.018740 -8.000000 -0.200000
0.018760 -8.000000 -0.200000
0.018780 -7.800000 -0.200000
0.018800 -7.800000 -0.200000
0.018820 -7.800000 -0.200000
0.018840 -7.600000 -0.200000
0.018860 -7.600000 -0.200000
0.018880 -7.400000 -0.200000
0.018900 -7.400000 -0.200000
0.018920 -7.400000 -0.200000
0.018940 -7.200000 -0.200000
0.018960 -7.200000 -0.200000
0.018980 -7.000000 -0.200000
0.019000 -7.000000 -0.200000
0.019020 -7.000000 -0.200000
0.019040 -6.800000 -0.200000
0.019060 -6.600000 -0.200000
0.019080 -6.600000 -0.200000
0.019100 -6.400000 -0.200000
0.019120 -6.400000 -0.200000
0.019140 -6.400000 -0.200000
0.019160 -6.200000 -0.200000
0.019180 -6.200000 -0.200000
0.019200 -6.000000 -0.200000
0.019220 -6.000000 -0.200000
0.019240 -5.800000 -0.200000
0.019260 -5.800000 -0.200000
0.019280 -5.600000 -0.200000
0.019300 -5.600000 -0.200000
0.019320 -5.600000 -0.200000
0.019340 -5.400000 -0.200000
0.019360 -5.400000 -0.200000
0.019380 -5.200000 -0.200000
0.019400 -5.200000 -0.200000
0.019420 -5.200000 -0.200000
0.019440 -5.000000 -0.200000
0.019460 -5.000000 -0.200000
0.019480 -4.800000 -0.200000
0.019500 -4.800000 -0.200000
0.019520 -4.800000 -0.200000
0.019540 -4.600000 -0.200000
0.019560 -4.600000 -0.200000
0.019580 -4.400000 -0.200000
0.019600 -4.400000 -0.200000
0.019620 -4.200000 -0.200000
0.019640 -4.200000 -0.200000
0.019660 -4.200000 -0.200000
0.019680 -4.000000 -0.200000
0.019700 -4.000000 -0.200000
0.019720 -3.800000 -0.200000
0.019740 -3.800000 -0.200000
0.019760 -3.600000 -0.200000
0.019780 -3.600000 -0.200000
0.019800 -3.600000 -0.200000
0.019820 -3.400000 -0.200000
0.019840 -3.400000 -0.200000
0.019860 -3.400000 -0.200000
0.019880 -3.200000 -0.200000
0.019900 -3.200000 -0.200000
0.019920 -3.200000 -0.200000
0.019940 -3.000000 -0.200000
0.019960 -3.000000 -0.200000
0.019980 -2.800000 -0.200000
0.020000 -2.800000 -0.200000
0.020020 -2.800000 -0.200000
0.020040 -2.600000 -0.200000
0.020060 -2.600000 -0.200000
0.020080 -2.400000 -0.200000
0.020100 -2.400000 -0.200000
0.020120 -2.200000 -0.200000
0.020140 -2.200000 -0.200000
0.020160 -2.200000 -0.200000
0.020180 -2.000000 -0.200000
0.020200 -2.000000 -0.200000
0.020220 -1.800000 -0.200000
0.020240 -1.600000 -0.200000
0.020260 -1.600000 -0.200000
0.020280 -1.600000 -0.200000
0.020300 -1.400000 -0.200000
0.020320 -1.400000 -0.200000
0.020340 -1.200000 -0.200000
0.020360 -1.200000 -0.200000
0.020380 -1.000000 -0.200000
0.020400 -1.000000 -0.200000
0.020420 -1.000000 -0.200000
0.020440 -0.800000 -0.200000
0.020460 -0.800000 -0.200000
0.020480 -0.600000 -0.200000
0.020500 -0.600000 -0.200000
0.020520 -0.400000 -0.200000
0.020540 -0.400000 -0.200000
0.020560 -0.200000 -0.200000
0.020580 -0.200000 -0.200000
0.020600 0.000000 -0.200000
0.020620 0.000000 -0.200000
0.020640 0.200000 -0.200000
0.020660 0.200000 -0.200000
0.020680 0.200000 -0.200000
0.020700 0.400000 -0.200000
0.020720 0.400000 -0.200000
0.020740 0.600000 -0.200000
0.020760 0.600000 -0.200000
0.020780 0.600000 -0.200000
0.020800 0.800000 -0.200000
0.020820 0.800000 -0.200000
0.020840 0.800000 -0.200000
0.020860 1.000000 -0.200000
0.020880 1.000000 -0.200000
0.020900 1.200000 -0.200000
0.020920 1.200000 -0.200000
0.020940 1.200000 -0.200000
0.020960 1.400000 -0.200000
0.020980 1.400000 -0.200000
0.021000 1.400000 -0.200000
0.021020 1.400000 -0.200000
0.021040 1.600000 0.000000
0.021060 1.600000 0.000000
0.021080 1.600000 0.000000
0.021100 1.600000 0.200000
0.021120 1.600000 0.200000
0.021140 1.600000 0.200000
0.021160 1.600000 0.200000
0.021180 1.600000 0.400000
0.021200 1.600000 0.400000
0.021220 1.600000 0.400000
0.021240 1.600000 0.600000
0.021260 1.600000 0.600000
0.021280 1.600000 0.600000
0.021300 1.600000 0.800000
0.021320 1.600000 0.800000
0.021340 1.600000 0.800000
0.021360 1.600000 1.000000
0.021380 1.600000 1.000000
0.021400 1.600000 1.000000
0.021420 1.600000 1.200000
0.021440 1.600000 1.200000
0.021460 1.600000 1.200000
0.021480 1.600000 1.400000
0.021500 1.600000 1.400000
0.021520 1.600000 1.600000
0.021540 1.600000 1.600000
0.021560 1.600000 1.600000
0.021580 1.600000 1.800000
0.021600 1.600000 1.800000
0.021620 1.600000 1.800000
0.021640 1.600000 2.000000
0.021660 1.600000 2.000000
0.021680 1.600000 2.000000
0.021700 1.600000 2.200000
0.021720 1.600000 2.200000
0.021740 1.600000 2.200000
0.021760 1.600000 2.400000
0.021780 1.600000 2.400000
0.021800 1.600000 2.600000
0.021820 1.600000 2.600000
0.021840 1.600000 2.600000
0.021860 1.600000 2.800000
0.021880 1.600000 2.800000
0.021900 1.600000 3.000000
0.021920 1.600000 3.000000
0.021940 1.600000 3.000000
0.021960 1.600000 3.200000
0.021980 1.600000 3.200000
0.022000 1.600000 3.200000
0.022020 1.600000 3.400000
0.022040 1.600000 3.400000
0.022060 1.600000 3.400000
0.022080 1.600000 3.600000
0.022100 1.600000 3.600000
0.022120 1.600000 3.600000
0.022140 1.600000 3.800000
0.022160 1.600000 3.800000
0.022180 1.600000 3.800000
0.022200 1.600000 4.000000
0.022220 1.600000 4.000000
0.022240 1.600000 4.000000
0.022260 1.600000 4.200000
0.022280 1.600000 4.200000
0.022300 1.600000 4.200000
0.022320 1.600000 4.400000
0.022340 1.600000 4.400000
0.022360 1.600000 4.600000
0.022380 1.600000 4.600000
0.022400 1.600000 4.600000
0.022420 1.600000 4.800000
0.022440 1.600000 4.800000
0.022460 1.600000 4.800000
0.022480 1.600000 5.000000
0.022500 1.600000 5.000000
0.022520 1.600000 5.000000
0.022540 1.600000 5.200000
0.022560 1.600000 5.200000
0.022580 1.600000 5.200000
0.022600 1.600000 5.200000
0.022620 1.600000 5.400000
0.022640 1.600000 5.400000
0.022660 1.600000 5.400000
0.022680 1.600000 5.600000
0.022700 1.600000 5.600000
0.022720 1.600000 5.600000
0.022740 1.600000 5.800000
0.022760 1.600000 5.800000
0.022780 1.600000 5.800000
0.022800 1.600000 6.000000
0.022820 1.600000 6.000000
0.022840 1.600000 6.000000
0.022860 1.600000 6.200000
0.022880 1.600000 6.200000
0.022900 1.600000 6.200000
0.022920 1.600000 6.400000
0.022940 1.600000 6.400000
0.022960 1.600000 6.400000
0.022980 1.600000 6.600000
0.023000 1.600000 6.600000
0.023020 1.600000 6.600000
0.023040 1.600000 6.600000
0.023060 1.600000 6.800000
0.023080 1.600000 6.800000
0.023100 1.600000 6.800000
0.023120 1.600000 7.000000
0.023140 1.600000 7.000000
0.023160 1.600000 7.000000
0.023180 1.600000 7.000000
0.023200 1.600000 7.200000
0.023220 1.600000 7.200000
0.023240 1.600000 7.200000
0.023260 1.600000 7.200000
0.023280 1.600000 7.200000
0.023300 1.600000 7.400000
0.023320 1.600000 7.400000
0.023340 1.600000 7.400000
0.023360 1.600000 7.400000
0.023380 1.600000 7.600000
0.023400 1.600000 7.600000
0.023420 1.600000 7.600000
0.023440 1.600000 7.800000
0.023460 1.600000 7.800000
0.023480 1.600000 7.800000
0.023500 1.600000 8.000000
0.023520 1.600000 8.000000
0.023540 1.600000 8.000000
0.023560 1.600000 8.000000
0.023580 1.600000 8.200000
0.023600 1.600000 8.200000
0.023620 1.600000 8.200000
0.023640 1.600000 8.200000
0.023660 1.600000 8.200000
0.023680 1.600000 8.400000
0.023700 1.600000 8.400000
0.023720 1.600000 8.400000
0.023740 1.600000 8.400000
0.023760 1.600000 8.600000
0.023780 1.600000 8.600000
0.023800 1.600000 8.600000
0.023820 1.600000 8.600000
0.023840 1.600000 8.600000
0.023860 1.600000 8.800000
0.023880 1.600000 8.800000
0.023900 1.600000 8.800000
0.023920 1.600000 8.800000
0.023940 1.600000 8.800000
0.023960 1.600000 9.000000
0.023980 1.600000 9.000000
0.024000 1.600000 9.000000
0.024020 1.600000 9.000000
0.024040 1.600000 9.000000
0.024060 1.600000 9.000000
0.024080 1.600000 9.000000
0.024100 1.600000 9.200000
0.024120 1.600000 9.200000
0.024140 1.600000 9.200000
0.024160 1.600000 9.200000
0.024180 1.600000 9.400000
0.024200 1.600000 9.400000
0.024220 1.600000 9.400000
0.024240 1.800000 9.400000
0.024260 1.600000 9.400000
0.024280 1.800000 9.400000
0.024300 1.600000 9.600000
0.024320 1.800000 9.600000
0.024340 1.800000 9.600000
0.024360 1.600000 9.600000
0.024380 1.600000 9.600000
0.024400 1.800000 9.800000
0.024420 1.600000 9.800000
0.024440 1.600000 9.800000
0.024460 1.600000 9.800000
0.024480 1.600000 9.800000
0.024500 1.600000 10.000000
0.024520 1.600000 10.000000
0.024540 1.600000 10.000000
0.024560 1.600000 10.000000
0.024580 1.600000 10.000000
0.024600 1.600000 10.200000
0.024620 1.600000 10.200000
0.024640 1.600000 10.200000
0.024660 1.800000 10.200000
0.024680 1.600000 10.200000
0.024700 1.800000 10.200000
0.024720 1.800000 10.200000
0.024740 1.800000 10.200000
0.024760 1.600000 10.200000
0.024780 1.600000 10.200000
0.024800 1.600000 10.400000
0.024820 1.600000 10.400000
0.024840 1.600000 10.400000
0.024860 1.800000 10.400000
0.024880 1.600000 10.400000
0.024900 1.600000 10.400000
0.024920 1.600000 10.400000
0.024940 1.600000 10.400000
0.024960 1.800000 10.400000
0.024980 1.600000 10.400000
0.025000 1.600000 10.400000
0.025020 1.800000 10.400000
0.025040 1.800000 10.400000
0.025060 1.800000 10.400000
0.025080 1.800000 10.400000
0.025100 1.800000 10.400000
0.025120 1.600000 10.400000
0.025140 1.800000 10.400000
0.025160 1.600000 10.400000
0.025180 1.800000 10.400000
0.025200 1.600000 10.400000
0.025220 1.800000 10.400000
0.025240 1.600000 10.400000
0.025260 1.600000 10.400000
0.025280 1.600000 10.400000
0.025300 1.600000 10.400000
0.025320 1.600000 10.400000
0.025340 1.600000 10.400000
0.025360 1.600000 10.400000
0.025380 1.600000 10.400000
0.025400 1.600000 10.400000
0.025420 1.600000 10.400000
0.025440 1.600000 10.400000
0.025460 1.600000 10.400000
0.025480 1.600000 10.400000
0.025500 1.600000 10.400000
0.025520 1.600000 10.400000
0.025540 1.800000 10.400000
0.025560 1.600000 10.400000
0.025580 1.800000 10.400000
0.025600 1.600000 10.400000
0.025620 1.600000 10.400000
0.025640 1.800000 10.400000
0.025660 1.800000 10.400000
0.025680 1.800000 10.400000
0.025700 1.800000 10.400000
0.025720 1.800000 10.400000
0.025740 1.600000 10.400000
0.025760 1.600000 10.400000
0.025780 1.800000 10.400000
0.025800 1.800000 10.400000
0.025820 1.600000 10.400000
0.025840 1.600000 10.400000
0.025860 1.600000 10.400000
0.025880 1.600000 10.400000
0.025900 1.800000 10.400000
0.025920 1.600000 10.400000
0.025940 1.800000 10.400000
0.025960 1.600000 10.400000
0.025980 1.600000 10.400000
0.026000 1.800000 10.400000
0.026020 1.800000 10.400000
0.026040 1.600000 10.400000
0.026060 1.800000 10.400000
0.026080 1.600000 10.400000
0.026100 1.800000 10.400000
0.026120 1.800000 10.400000
0.026140 1.800000 10.400000
0.026160 1.800000 10.400000
0.026180 1.600000 10.400000
0.026200 1.800000 10.400000
0.026220 1.600000 10.400000
0.026240 1.800000 10.400000
0.026260 1.600000 10.400000
0.026280 1.600000 10.400000
0.026300 1.800000 10.400000
0.026320 1.800000 10.400000
0.026340 1.800000 10.400000
0.026360 1.600000 10.400000
0.026380 1.600000 10.400000
0.026400 1.800000 10.400000
0.026420 1.600000 10.400000
0.026440 1.800000 10.600000
0.026460 1.600000 10.400000
0.026480 1.600000 10.600000
0.026500 1.600000 10.400000
0.026520 1.600000 10.400000
0.026540 1.600000 10.600000
0.026560 1.800000 10.400000
0.026580 1.800000 10.400000
0.026600 1.600000 10.400000
0.026620 1.800000 10.400000
0.026640 1.600000 10.600000
0.026660 1.600000 10.600000
0.026680 1.600000 10.400000
0.026700 1.800000 10.400000
0.026720 1.600000 10.400000
0.026740 1.800000 10.400000
0.026760 1.800000 10.400000
0.026780 1.600000 10.400000
0.026800 1.600000 10.400000
0.026820 1.800000 10.400000
0.026840 1.800000 10.400000
0.026860 1.800000 10.400000
0.026880 1.800000 10.400000
0.026900 1.600000 10.600000
0.026920 1.600000 10.400000
0.026940 1.800000 10.400000
0.026960 1.600000 10.400000
0.026980 1.600000 10.400000
0.027000 1.600000 10.400000
0.027020 1.600000 10.400000
0.027040 1.600000 10.400000
0.027060 1.600000 10.400000
0.027080 1.800000 10.400000
0.027100 1.600000 10.400000
0.027120 1.600000 10.400000
0.027140 1.600000 10.400000
0.027160 1.600000 10.400000
0.027180 1.600000 10.400000
0.027200 1.800000 10.400000
0.027220 1.600000 10.400000
0.027240 1.800000 10.400000
0.027260 1.600000 10.400000
0.027280 1.800000 10.400000
0.027300 1.600000 10.400000
0.027320 1.600000 10.400000
0.027340 1.600000 10.400000
0.027360 1.600000 10.200000
0.027380 1.600000 10.200000
