-0.026600 -11.000000 -0.200000
-0.026580 -11.200000 -0.200000
-0.026560 -11.200000 -0.200000
-0.026540 -11.200000 -0.200000
-0.026520 -11.200000 -0.200000
-0.026500 -11.400000 -0.200000
-0.026480 -11.400000 -0.200000
-0.026460 -11.400000 -0.200000
-0.026440 -11.400000 -0.200000
-0.026420 -11.400000 -0.200000
-0.026400 -11.600000 -0.200000
-0.026380 -11.600000 -0.400000
-0.026360 -11.600000 -0.200000
-0.026340 -11.600000 -0.200000
-0.026320 -11.800000 -0.200000
-0.026300 -11.600000 -0.200000
-0.026280 -11.800000 -0.200000
-0.026260 -11.800000 -0.200000
-0.026240 -11.800000 -0.400000
-0.026220 -11.800000 -0.400000
-0.026200 -12.000000 -0.200000
-0.026180 -12.000000 -0.200000
-0.026160 -12.000000 -0.400000
-0.026140 -12.000000 -0.200000
-0.026120 -12.000000 -0.200000
-0.026100 -12.000000 -0.200000
-0.026080 -12.000000 -0.400000
-0.026060 -12.200000 -0.200000
-0.026040 -12.200000 -0.200000
-0.026020 -12.200000 -0.200000
-0.026000 -12.200000 -0.200000
-0.025980 -12.200000 -0.200000
-0.025960 -12.000000 -0.400000
-0.025940 -12.200000 -0.200000
-0.025920 -12.200000 -0.200000
-0.025900 -12.200000 -0.200000
-0.025880 -12.200000 -0.200000
-0.025860 -12.200000 -0.200000
-0.025840 -12.200000 -0.200000
-0.025820 -12.200000 -0.200000
-0.025800 -12.200000 -0.200000
-0.025780 -12.200000 -0.200000
-0.025760 -12.200000 -0.200000
-0.025740 -12.200000 -0.200000
-0.025720 -12.200000 -0.200000
-0.025700 -12.200000 -0.200000
-0.025680 -12.200000 -0.400000
-0.025660 -12.200000 -0.400000
-0.025640 -12.200000 -0.200000
-0.025620 -12.200000 -0.200000
-0.025600 -12.200000 -0.200000
-0.025580 -12.200000 -0.400000
-0.025560 -12.200000 -0.200000
-0.025540 -12.400000 -0.200000
-0.025520 -12.200000 -0.200000
-0.025500 -12.200000 -0.200000
-0.025480 -12.200000 -0.200000
-0.025460 -12.200000 -0.400000
-0.025440 -12.400000 -0.200000
-0.025420 -12.200000 -0.200000
-0.025400 -12.200000 -0.200000
-0.025380 -12.400000 -0.200000
-0.025360 -12.400000 -0.200000
-0.025340 -12.200000 -0.200000
-0.025320 -12.200000 -0.400000
-0.025300 -12.200000 -0.200000
-0.025280 -12.200000 -0.400000
-0.025260 -12.200000 -0.400000
-0.025240 -12.200000 -0.200000
-0.025220 -12.200000 -0.200000
-0.025200 -12.400000 -0.200000
-0.025180 -12.200000 -0.200000
-0.025160 -12.400000 -0.200000
-0.025140 -12.400000 -0.200000
-0.025120 -12.400000 -0.200000
-0.025100 -12.400000 -0.200000
-0.025080 -12.400000 -0.200000
-0.025060 -12.200000 -0.200000
-0.025040 -12.400000 -0.200000
-0.025020 -12.400000 -0.200000
-0.025000 -12.200000 -0.400000
-0.024980 -12.200000 -0.200000
-0.024960 -12.200000 -0.400000
-0.024940 -12.400000 -0.200000
-0.024920 -12.400000 -0.200000
-0.024900 -12.400000 -0.200000
-0.024880 -12.400000 -0.200000
-0.024860 -12.400000 -0.200000
-0.024840 -12.400000 -0.200000
-0.024820 -12.400000 -0.200000
-0.024800 -12.200000 -0.200000
-0.024780 -12.200000 -0.400000
-0.024760 -12.200000 -0.400000
-0.024740 -12.400000 -0.200000
-0.024720 -12.400000 -0.200000
-0.024700 -12.400000 -0.200000
-0.024680 -12.400000 -0.200000
-0.024660 -12.400000 -0.200000
-0.024640 -12.400000 -0.200000
-0.024620 -12.400000 -0.200000
-0.024600 -12.400000 -0.200000
-0.024580 -12.400000 -0.400000
-0.024560 -12.400000 -0.200000
-0.024540 -12.400000 -0.200000
-0.024520 -12.400000 -0.200000
-0.024500 -12.400000 -0.200000
-0.024480 -12.400000 -0.200000
-0.024460 -12.400000 -0.200000
-0.024440 -12.400000 -0.200000
-0.024420 -12.400000 -0.200000
-0.024400 -12.400000 -0.200000
-0.024380 -12.400000 -0.200000
-0.024360 -12.400000 -0.200000
-0.024340 -12.400000 -0.200000
-0.024320 -12.400000 -0.200000
-0.024300 -12.400000 -0.200000
-0.024280 -12.400000 -0.400000
-0.024260 -12.400000 -0.200000
-0.024240 -12.400000 -0.200000
-0.024220 -12.400000 -0.200000
-0.024200 -12.400000 -0.400000
-0.024180 -12.400000 -0.200000
-0.024160 -12.200000 -0.400000
-0.024140 -12.400000 -0.200000
-0.024120 -12.400000 -0.200000
-0.024100 -12.400000 -0.200000
-0.024080 -12.400000 -0.200000
-0.024060 -12.400000 -0.200000
-0.024040 -12.400000 -0.200000
-0.024020 -12.400000 -0.400000
-0.024000 -12.400000 -0.200000
-0.023980 -12.400000 -0.400000
-0.023960 -12.400000 -0.200000
-0.023940 -12.400000 -0.200000
-0.023920 -12.400000 -0.200000
-0.023900 -12.400000 -0.200000
-0.023880 -12.400000 -0.200000
-0.023860 -12.400000 -0.200000
-0.023840 -12.200000 -0.400000
-0.023820 -12.200000 -0.400000
-0.023800 -12.400000 -0.200000
-0.023780 -12.400000 -0.200000
-0.023760 -12.400000 -0.200000
-0.023740 -12.400000 -0.200000
-0.023720 -12.200000 -0.200000
-0.023700 -12.400000 -0.200000
-0.023680 -12.400000 -0.200000
-0.023660 -12.200000 -0.400000
-0.023640 -12.400000 -0.200000
-0.023620 -12.200000 -0.200000
-0.023600 -12.200000 -0.200000
-0.023580 -12.400000 -0.200000
-0.023560 -12.200000 -0.400000
-0.023540 -12.200000 -0.200000
-0.023520 -12.200000 -0.200000
-0.023500 -12.200000 -0.200000
-0.023480 -12.200000 -0.200000
-0.023460 -12.200000 -0.400000
-0.023440 -12.200000 -0.200000
-0.023420 -12.200000 -0.200000
-0.023400 -12.000000 -0.400000
-0.023380 -12.000000 -0.200000
-0.023360 -12.000000 -0.400000
-0.023340 -11.800000 -0.400000
-0.023320 -12.000000 -0.200000
-0.023300 -11.800000 -0.200000
-0.023280 -11.800000 -0.400000
-0.023260 -11.600000 -0.400000
-0.023240 -11.600000 -0.200000
-0.023220 -11.600000 -0.200000
-0.023200 -11.600000 -0.200000
-0.023180 -11.400000 -0.200000
-0.023160 -11.400000 -0.400000
-0.023140 -11.200000 -0.400000
-0.023120 -11.200000 -0.400000
-0.023100 -11.200000 -0.200000
-0.023080 -11.200000 -0.400000
-0.023060 -11.000000 -0.400000
-0.023040 -11.000000 -0.400000
-0.023020 -10.800000 -0.400000
-0.023000 -10.800000 -0.200000
-0.022980 -10.600000 -0.400000
-0.022960 -10.600000 -0.400000
-0.022940 -10.600000 -0.400000
-0.022920 -10.400000 -0.400000
-0.022900 -10.400000 -0.200000
-0.022880 -10.400000 -0.400000
-0.022860 -10.200000 -0.200000
-0.022840 -10.200000 -0.200000
-0.022820 -10.200000 -0.200000
-0.022800 -10.000000 -0.200000
-0.022780 -10.000000 -0.200000
-0.022760 -10.000000 -0.200000
-0.022740 -10.000000 -0.200000
-0.022720 -9.800000 -0.200000
-0.022700 -9.800000 -0.200000
-0.022680 -9.800000 -0.200000
-0.022660 -9.800000 -0.200000
-0.022640 -9.600000 -0.200000
-0.022620 -9.600000 -0.200000
-0.022600 -9.600000 -0.200000
-0.022580 -9.600000 -0.200000
-0.022560 -9.400000 -0.200000
-0.022540 -9.400000 -0.200000
-0.022520 -9.400000 -0.200000
-0.022500 -9.400000 -0.200000
-0.022480 -9.400000 -0.200000
-0.022460 -9.200000 -0.200000
-0.022440 -9.200000 -0.200000
-0.022420 -9.200000 -0.200000
-0.022400 -9.200000 -0.200000
-0.022380 -9.200000 -0.200000
-0.022360 -9.000000 -0.200000
-0.022340 -9.000000 -0.200000
-0.022320 -8.800000 -0.200000
-0.022300 -8.800000 -0.200000
-0.022280 -8.800000 -0.200000
-0.022260 -8.800000 -0.200000
-0.022240 -8.600000 -0.200000
-0.022220 -8.600000 -0.200000
-0.022200 -8.600000 -0.200000
-0.022180 -8.400000 -0.200000
-0.022160 -8.400000 -0.200000
-0.022140 -8.400000 -0.200000
-0.022120 -8.400000 -0.200000
-0.022100 -8.200000 -0.200000
-0.022080 -8.200000 -0.200000
-0.022060 -8.200000 -0.200000
-0.022040 -8.000000 -0.200000
-0.022020 -8.000000 -0.200000
-0.022000 -7.800000 -0.200000
-0.021980 -7.800000 -0.200000
-0.021960 -7.800000 -0.200000
-0.021940 -7.800000 -0.200000
-0.021920 -7.600000 -0.200000
-0.021900 -7.600000 -0.200000
-0.021880 -7.600000 -0.200000
-0.021860 -7.400000 -0.200000
-0.021840 -7.400000 -0.200000
-0.021820 -7.200000 -0.200000
-0.021800 -7.200000 -0.200000
-0.021780 -7.200000 -0.200000
-0.021760 -7.000000 -0.200000
-0.021740 -7.000000 -0.200000
-0.021720 -6.800000 -0.200000
-0.021700 -6.800000 -0.200000
-0.021680 -6.600000 -0.200000
-0.021660 -6.600000 -0.200000
-0.021640 -6.400000 -0.200000
-0.021620 -6.400000 -0.200000
-0.021600 -6.200000 -0.200000
-0.021580 -6.200000 -0.200000
-0.021560 -6.000000 -0.200000
-0.021540 -6.000000 -0.200000
-0.021520 -5.800000 -0.200000
-0.021500 -5.800000 -0.200000
-0.021480 -5.800000 -0.200000
-0.021460 -5.600000 -0.200000
-0.021440 -5.600000 -0.200000
-0.021420 -5.400000 -0.200000
-0.021400 -5.400000 -0.200000
-0.021380 -5.400000 -0.200000
-0.021360 -5.200000 -0.200000
-0.021340 -5.200000 -0.200000
-0.021320 -5.000000 -0.200000
-0.021300 -5.000000 -0.200000
-0.021280 -5.000000 -0.200000
-0.021260 -4.800000 -0.200000
-0.021240 -4.800000 -0.200000
-0.021220 -4.600000 -0.200000
-0.021200 -4.600000 -0.200000
-0.021180 -4.400000 -0.200000
-0.021160 -4.400000 -0.200000
-0.021140 -4.200000 -0.200000
-0.021120 -4.200000 -0.200000
-0.021100 -4.200000 -0.200000
-0.021080 -4.000000 -0.200000
-0.021060 -4.000000 -0.200000
-0.021040 -3.800000 -0.200000
-0.021020 -3.800000 -0.200000
-0.021000 -3.600000 -0.200000
-0.020980 -3.600000 -0.200000
-0.020960 -3.600000 -0.200000
-0.020940 -3.400000 -0.200000
-0.020920 -3.400000 -0.200000
-0.020900 -3.400000 -0.200000
-0.020880 -3.200000 -0.200000
-0.020860 -3.200000 -0.200000
-0.020840 -3.200000 -0.200000
-0.020820 -3.000000 -0.200000
-0.020800 -3.000000 -0.200000
-0.020780 -2.800000 -0.200000
-0.020760 -2.800000 -0.200000
-0.020740 -2.800000 -0.200000
-0.020720 -2.600000 -0.200000
-0.020700 -2.600000 -0.200000
-0.020680 -2.400000 -0.200000
-0.020660 -2.400000 -0.200000
-0.020640 -2.200000 -0.200000
-0.020620 -2.200000 -0.200000
-0.020600 -2.200000 -0.200000
-0.020580 -2.000000 -0.200000
-0.020560 -2.000000 -0.200000
-0.020540 -1.800000 -0.200000
-0.020520 -1.800000 -0.200000
-0.020500 -1.600000 -0.200000
-0.020480 -1.600000 -0.200000
-0.020460 -1.400000 -0.200000
-0.020440 -1.400000 -0.200000
-0.020420 -1.200000 -0.200000
-0.020400 -1.200000 -0.200000
-0.020380 -1.000000 -0.200000
-0.020360 -1.000000 -0.200000
-0.020340 -0.800000 -0.200000
-0.020320 -0.800000 -0.200000
-0.020300 -0.800000 -0.200000
-0.020280 -0.600000 -0.200000
-0.020260 -0.600000 -0.200000
-0.020240 -0.400000 -0.200000
-0.020220 -0.400000 -0.200000
-0.020200 -0.200000 -0.200000
-0.020180 -0.200000 -0.200000
-0.020160 0.000000 -0.200000
-0.020140 0.000000 -0.200000
-0.020120 0.000000 -0.200000
-0.020100 0.200000 -0.200000
-0.020080 0.200000 -0.200000
-0.020060 0.400000 -0.200000
-0.020040 0.400000 -0.200000
-0.020020 0.400000 -0.200000
-0.020000 0.600000 -0.200000
-0.019980 0.600000 -0.200000
-0.019960 0.800000 -0.200000
-0.019940 0.800000 -0.200000
-0.019920 0.800000 -0.200000
-0.019900 1.000000 -0.200000
-0.019880 1.000000 -0.200000
-0.019860 1.200000 -0.200000
-0.019840 1.200000 -0.200000
-0.019820 1.200000 -0.200000
-0.019800 1.400000 -0.200000
-0.019780 1.400000 -0.200000
-0.019760 1.400000 -0.200000
-0.019740 1.600000 -0.200000
-0.019720 1.600000 -0.200000
-0.019700 1.600000 -0.200000
-0.019680 1.600000 -0.200000
-0.019660 1.600000 0.000000
-0.019640 1.800000 0.000000
-0.019620 1.800000 0.000000
-0.019600 1.800000 0.000000
-0.019580 1.800000 0.200000
-0.019560 1.800000 0.200000
-0.019540 1.800000 0.200000
-0.019520 1.800000 0.400000
-0.019500 1.800000 0.400000
-0.019480 1.800000 0.400000
-0.019460 1.800000 0.400000
-0.019440 1.800000 0.600000
-0.019420 1.800000 0.600000
-0.019400 1.800000 0.600000
-0.019380 1.800000 0.800000
-0.019360 1.800000 0.800000
-0.019340 1.800000 0.800000
-0.019320 1.800000 1.000000
-0.019300 1.800000 1.000000
-0.019280 1.800000 1.000000
-0.019260 1.800000 1.200000
-0.019240 1.800000 1.200000
-0.019220 1.800000 1.400000
-0.019200 1.800000 1.400000
-0.019180 1.800000 1.400000
-0.019160 1.800000 1.600000
-0.019140 1.800000 1.600000
-0.019120 1.800000 1.600000
-0.019100 1.800000 1.800000
-0.019080 1.800000 1.800000
-0.019060 1.800000 1.800000
-0.019040 1.800000 2.000000
-0.019020 1.800000 2.000000
-0.019000 1.800000 2.200000
-0.018980 1.800000 2.200000
-0.018960 1.800000 2.200000
-0.018940 1.800000 2.400000
-0.018920 1.800000 2.400000
-0.018900 1.800000 2.400000
-0.018880 1.800000 2.600000
-0.018860 1.800000 2.600000
-0.018840 1.800000 2.600000
-0.018820 1.800000 2.800000
-0.018800 1.800000 3.000000
-0.018780 1.800000 3.000000
-0.018760 1.800000 3.000000
-0.018740 1.800000 3.200000
-0.018720 1.800000 3.200000
-0.018700 1.800000 3.200000
-0.018680 1.800000 3.200000
-0.018660 1.800000 3.400000
-0.018640 1.800000 3.400000
-0.018620 1.800000 3.400000
-0.018600 1.800000 3.600000
-0.018580 1.800000 3.600000
-0.018560 1.800000 3.600000
-0.018540 1.800000 3.800000
-0.018520 1.800000 3.800000
-0.018500 1.800000 3.800000
-0.018480 1.800000 4.000000
-0.018460 1.800000 4.000000
-0.018440 1.800000 4.000000
-0.018420 1.800000 4.200000
-0.018400 1.800000 4.200000
-0.018380 2.000000 4.200000
-0.018360 1.800000 4.400000
-0.018340 1.800000 4.400000
-0.018320 1.800000 4.600000
-0.018300 1.800000 4.600000
-0.018280 1.800000 4.600000
-0.018260 1.800000 4.800000
-0.018240 1.800000 4.800000
-0.018220 1.800000 4.800000
-0.018200 1.800000 5.000000
-0.018180 1.800000 5.000000
-0.018160 2.000000 5.000000
-0.018140 1.800000 5.200000
-0.018120 2.000000 5.200000
-0.018100 2.000000 5.200000
-0.018080 2.000000 5.200000
-0.018060 2.000000 5.400000
-0.018040 2.000000 5.400000
-0.018020 2.000000 5.400000
-0.018000 2.000000 5.600000
-0.017980 2.000000 5.600000
-0.017960 2.000000 5.600000
-0.017940 2.000000 5.800000
-0.017920 2.000000 5.800000
-0.017900 2.000000 5.800000
-0.017880 2.000000 6.000000
-0.017860 2.000000 6.000000
-0.017840 2.000000 6.000000
-0.017820 2.000000 6.200000
-0.017800 2.000000 6.200000
-0.017780 2.000000 6.200000
-0.017760 2.000000 6.400000
-0.017740 2.000000 6.400000
-0.017720 2.000000 6.400000
-0.017700 2.000000 6.400000
-0.017680 2.000000 6.600000
-0.017660 2.000000 6.600000
-0.017640 2.000000 6.600000
-0.017620 2.000000 6.800000
-0.017600 2.000000 6.800000
-0.017580 2.000000 6.800000
-0.017560 2.000000 6.800000
-0.017540 2.000000 7.000000
-0.017520 2.000000 7.000000
-0.017500 2.000000 7.000000
-0.017480 2.000000 7.000000
-0.017460 2.000000 7.200000
-0.017440 2.000000 7.200000
-0.017420 2.000000 7.200000
-0.017400 2.000000 7.200000
-0.017380 2.000000 7.200000
-0.017360 2.000000 7.400000
-0.017340 2.000000 7.400000
-0.017320 2.000000 7.400000
-0.017300 2.000000 7.400000
-0.017280 2.000000 7.600000
-0.017260 2.000000 7.600000
-0.017240 2.000000 7.600000
-0.017220 2.000000 7.800000
-0.017200 2.000000 7.800000
-0.017180 2.000000 7.800000
-0.017160 2.000000 7.800000
-0.017140 2.000000 8.000000
-0.017120 2.000000 8.000000
-0.017100 2.000000 8.000000
-0.017080 2.000000 8.000000
-0.017060 2.000000 8.200000
-0.017040 2.000000 8.200000
-0.017020 2.000000 8.200000
-0.017000 2.000000 8.200000
-0.016980 2.000000 8.400000
-0.016960 2.000000 8.400000
-0.016940 2.000000 8.400000
-0.016920 2.000000 8.400000
-0.016900 2.000000 8.400000
-0.016880 2.000000 8.400000
-0.016860 2.000000 8.600000
-0.016840 2.000000 8.600000
-0.016820 2.000000 8.600000
-0.016800 2.000000 8.600000
-0.016780 2.000000 8.600000
-0.016760 2.000000 8.600000
-0.016740 2.000000 8.800000
-0.016720 2.000000 8.800000
-0.016700 2.000000 8.800000
-0.016680 2.000000 8.800000
-0.016660 2.000000 8.800000
-0.016640 2.000000 8.800000
-0.016620 2.000000 9.000000
-0.016600 2.000000 9.000000
-0.016580 2.000000 9.000000
-0.016560 2.000000 9.000000
-0.016540 2.000000 9.000000
-0.016520 2.000000 9.200000
-0.016500 2.000000 9.200000
-0.016480 2.000000 9.200000
-0.016460 2.000000 9.200000
-0.016440 2.000000 9.400000
-0.016420 2.000000 9.400000
-0.016400 2.000000 9.400000
-0.016380 2.000000 9.400000
-0.016360 2.000000 9.400000
-0.016340 2.000000 9.400000
-0.016320 2.000000 9.600000
-0.016300 2.000000 9.600000
-0.016280 2.000000 9.600000
-0.016260 2.000000 9.600000
-0.016240 2.000000 9.600000
-0.016220 2.000000 9.800000
-0.016200 2.000000 9.800000
-0.016180 2.000000 9.800000
-0.016160 2.000000 9.800000
-0.016140 2.000000 9.800000
-0.016120 2.000000 10.000000
-0.016100 2.000000 10.000000
-0.016080 2.000000 10.000000
-0.016060 2.000000 10.000000
-0.016040 2.000000 10.000000
-0.016020 2.000000 10.000000
-0.016000 2.000000 10.000000
-0.015980 2.000000 10.000000
-0.015960 2.000000 10.000000
-0.015940 2.000000 10.000000
-0.015920 2.000000 10.000000
-0.015900 2.000000 10.000000
-0.015880 2.000000 10.000000
-0.015860 2.000000 10.000000
-0.015840 2.000000 10.000000
-0.015820 2.000000 10.200000
-0.015800 2.000000 10.000000
-0.015780 2.000000 10.000000
-0.015760 2.000000 10.000000
-0.015740 2.000000 10.200000
-0.015720 2.000000 10.200000
-0.015700 2.000000 10.000000
-0.015680 2.000000 10.000000
-0.015660 2.000000 10.200000
-0.015640 2.000000 10.200000
-0.015620 2.000000 10.200000
-0.015600 2.000000 10.200000
-0.015580 2.000000 10.200000
-0.015560 2.000000 10.200000
-0.015540 2.000000 10.200000
-0.015520 2.000000 10.200000
-0.015500 2.000000 10.200000
-0.015480 2.000000 10.200000
-0.015460 2.000000 10.200000
-0.015440 2.000000 10.200000
-0.015420 2.000000 10.200000
-0.015400 2.000000 10.200000
-0.015380 2.000000 10.200000
-0.015360 2.000000 10.200000
-0.015340 2.000000 10.200000
-0.015320 2.000000 10.200000
-0.015300 2.000000 10.200000
-0.015280 2.000000 10.200000
-0.015260 2.000000 10.200000
-0.015240 2.000000 10.200000
-0.015220 2.000000 10.200000
-0.015200 2.000000 10.200000
-0.015180 2.000000 10.200000
-0.015160 2.000000 10.200000
-0.015140 2.000000 10.200000
-0.015120 2.000000 10.200000
-0.015100 2.000000 10.200000
-0.015080 2.000000 10.200000
-0.015060 2.000000 10.200000
-0.015040 2.000000 10.200000
-0.015020 2.000000 10.200000
-0.015000 2.000000 10.200000
-0.014980 2.000000 10.200000
-0.014960 2.000000 10.200000
-0.014940 2.000000 10.200000
-0.014920 2.000000 10.200000
-0.014900 2.000000 10.200000
-0.014880 2.000000 10.200000
-0.014860 2.000000 10.200000
-0.014840 2.000000 10.200000
-0.014820 2.000000 10.200000
-0.014800 2.000000 10.200000
-0.014780 2.000000 10.200000
-0.014760 2.000000 10.200000
-0.014740 2.000000 10.200000
-0.014720 2.000000 10.200000
-0.014700 2.000000 10.200000
-0.014680 2.000000 10.200000
-0.014660 2.000000 10.200000
-0.014640 2.000000 10.200000
-0.014620 2.000000 10.200000
-0.014600 2.000000 10.200000
-0.014580 2.000000 10.200000
-0.014560 2.000000 10.200000
-0.014540 2.000000 10.200000
-0.014520 2.000000 10.200000
-0.014500 2.000000 10.200000
-0.014480 2.000000 10.200000
-0.014460 2.000000 10.200000
-0.014440 2.000000 10.200000
-0.014420 2.000000 10.200000
-0.014400 2.000000 10.200000
-0.014380 2.000000 10.200000
-0.014360 2.000000 10.200000
-0.014340 2.000000 10.200000
-0.014320 2.000000 10.200000
-0.014300 2.000000 10.200000
-0.014280 2.000000 10.200000
-0.014260 2.000000 10.200000
-0.014240 2.000000 10.200000
-0.014220 2.000000 10.200000
-0.014200 2.000000 10.200000
-0.014180 2.000000 10.200000
-0.014160 2.000000 10.200000
-0.014140 2.000000 10.200000
-0.014120 2.000000 10.200000
-0.014100 2.000000 10.200000
-0.014080 2.000000 10.200000
-0.014060 2.000000 10.200000
-0.014040 2.000000 10.200000
-0.014020 2.000000 10.200000
-0.014000 2.000000 10.200000
-0.013980 2.000000 10.200000
-0.013960 2.000000 10.200000
-0.013940 2.000000 10.200000
-0.013920 2.000000 10.200000
-0.013900 2.000000 10.200000
-0.013880 2.000000 10.200000
-0.013860 2.000000 10.200000
-0.013840 2.000000 10.200000
-0.013820 2.000000 10.200000
-0.013800 2.000000 10.200000
-0.013780 2.000000 10.200000
-0.013760 2.000000 10.200000
-0.013740 2.000000 10.200000
-0.013720 2.000000 10.200000
-0.013700 2.000000 10.200000
-0.013680 2.000000 10.200000
-0.013660 2.000000 10.200000
-0.013640 2.000000 10.200000
-0.013620 2.000000 10.200000
-0.013600 2.000000 10.200000
-0.013580 2.000000 10.200000
-0.013560 2.000000 10.200000
-0.013540 2.000000 10.200000
-0.013520 2.000000 10.200000
-0.013500 2.000000 10.200000
-0.013480 2.000000 10.000000
-0.013460 2.000000 10.000000
-0.013440 2.000000 10.000000
-0.013420 2.000000 10.000000
-0.013400 2.000000 10.000000
-0.013380 2.000000 10.000000
-0.013360 2.000000 9.800000
-0.013340 2.000000 9.800000
-0.013320 2.000000 9.800000
-0.013300 2.000000 9.800000
-0.013280 2.000000 9.600000
-0.013260 2.000000 9.600000
-0.013240 2.000000 9.600000
-0.013220 2.000000 9.400000
-0.013200 2.000000 9.400000
-0.013180 2.000000 9.400000
-0.013160 2.000000 9.200000
-0.013140 2.000000 9.200000
-0.013120 2.000000 9.200000
-0.013100 2.000000 9.000000
-0.013080 2.000000 9.000000
-0.013060 2.000000 8.800000
-0.013040 2.000000 8.800000
-0.013020 2.000000 8.800000
-0.013000 2.000000 8.600000
-0.012980 2.000000 8.600000
-0.012960 2.000000 8.600000
-0.012940 2.000000 8.400000
-0.012920 2.000000 8.400000
-0.012900 2.000000 8.400000
-0.012880 2.000000 8.200000
-0.012860 2.000000 8.200000
-0.012840 2.000000 8.200000
-0.012820 2.000000 8.000000
-0.012800 2.000000 8.000000
-0.012780 2.000000 8.000000
-0.012760 2.000000 7.800000
-0.012740 2.000000 7.800000
-0.012720 2.000000 7.800000
-0.012700 2.000000 7.800000
-0.012680 2.000000 7.600000
-0.012660 2.000000 7.600000
-0.012640 2.000000 7.400000
-0.012620 2.000000 7.400000
-0.012600 2.000000 7.400000
-0.012580 2.000000 7.400000
-0.012560 2.000000 7.400000
-0.012540 2.000000 7.200000
-0.012520 2.000000 7.200000
-0.012500 2.000000 7.200000
-0.012480 2.000000 7.200000
-0.012460 2.000000 7.200000
-0.012440 2.000000 7.200000
-0.012420 2.000000 7.000000
-0.012400 2.000000 7.000000
-0.012380 2.000000 7.000000
-0.012360 2.000000 7.000000
-0.012340 2.000000 6.800000
-0.012320 2.000000 6.800000
-0.012300 2.000000 6.800000
-0.012280 2.000000 6.800000
-0.012260 2.000000 6.600000
-0.012240 2.000000 6.600000
-0.012220 2.000000 6.600000
-0.012200 2.000000 6.600000
-0.012180 2.000000 6.400000
-0.012160 2.000000 6.400000
-0.012140 2.000000 6.400000
-0.012120 2.000000 6.400000
-0.012100 2.000000 6.200000
-0.012080 2.000000 6.200000
-0.012060 2.000000 6.200000
-0.012040 2.000000 6.000000
-0.012020 2.000000 6.000000
-0.012000 2.000000 5.800000
-0.011980 2.000000 5.800000
-0.011960 2.000000 5.600000
-0.011940 2.000000 5.600000
-0.011920 2.000000 5.600000
-0.011900 2.000000 5.400000
-0.011880 2.000000 5.400000
-0.011860 2.000000 5.400000
-0.011840 2.000000 5.200000
-0.011820 2.000000 5.200000
-0.011800 2.000000 5.200000
-0.011780 2.000000 5.000000
-0.011760 2.000000 5.000000
-0.011740 1.800000 4.800000
-0.011720 1.800000 4.800000
-0.011700 1.800000 4.600000
-0.011680 1.800000 4.600000
-0.011660 2.000000 4.600000
-0.011640 1.800000 4.400000
-0.011620 1.800000 4.200000
-0.011600 1.800000 4.200000
-0.011580 1.800000 4.200000
-0.011560 1.800000 4.000000
-0.011540 1.800000 4.000000
-0.011520 1.800000 3.800000
-0.011500 1.800000 3.800000
-0.011480 1.800000 3.600000
-0.011460 1.800000 3.600000
-0.011440 1.800000 3.400000
-0.011420 1.800000 3.400000
-0.011400 1.800000 3.400000
-0.011380 1.800000 3.200000
-0.011360 1.800000 3.200000
-0.011340 1.800000 3.200000
-0.011320 1.800000 3.000000
-0.011300 1.800000 3.000000
-0.011280 1.800000 2.800000
-0.011260 1.800000 2.800000
-0.011240 1.800000 2.600000
-0.011220 1.800000 2.600000
-0.011200 1.800000 2.400000
-0.011180 1.800000 2.400000
-0.011160 1.800000 2.400000
-0.011140 1.800000 2.200000
-0.011120 1.800000 2.200000
-0.011100 1.800000 2.000000
-0.011080 1.800000 2.000000
-0.011060 1.800000 2.000000
-0.011040 1.800000 1.800000
-0.011020 1.800000 1.800000
-0.011000 1.800000 1.800000
-0.010980 1.800000 1.600000
-0.010960 1.800000 1.600000
-0.010940 1.800000 1.400000
-0.010920 1.800000 1.400000
-0.010900 1.800000 1.400000
-0.010880 1.800000 1.200000
-0.010860 1.800000 1.200000
-0.010840 1.800000 1.000000
-0.010820 1.800000 1.000000
-0.010800 1.800000 0.800000
-0.010780 1.800000 0.800000
-0.010760 1.800000 0.800000
-0.010740 1.800000 0.600000
-0.010720 1.800000 0.600000
-0.010700 1.800000 0.400000
-0.010680 1.800000 0.400000
-0.010660 1.800000 0.400000
-0.010640 1.800000 0.200000
-0.010620 1.800000 0.200000
-0.010600 1.800000 0.200000
-0.010580 1.800000 0.000000
-0.010560 1.800000 0.000000
-0.010540 1.800000 0.000000
-0.010520 1.600000 -0.200000
-0.010500 1.600000 -0.200000
-0.010480 1.600000 -0.200000
-0.010460 1.400000 -0.200000
-0.010440 1.400000 -0.200000
-0.010420 1.400000 -0.200000
-0.010400 1.200000 -0.200000
-0.010380 1.200000 -0.200000
-0.010360 1.000000 -0.200000
-0.010340 1.000000 -0.200000
-0.010320 0.800000 -0.200000
-0.010300 0.800000 -0.200000
-0.010280 0.600000 -0.200000
-0.010260 0.600000 -0.200000
-0.010240 0.400000 -0.200000
-0.010220 0.400000 -0.200000
-0.010200 0.400000 -0.200000
-0.010180 0.200000 -0.200000
-0.010160 0.200000 -0.200000
-0.010140 0.000000 -0.200000
-0.010120 0.000000 -0.200000
-0.010100 -0.200000 -0.200000
-0.010080 -0.200000 -0.200000
-0.010060 -0.400000 -0.200000
-0.010040 -0.400000 -0.200000
-0.010020 -0.400000 -0.200000
-0.010000 -0.600000 -0.200000
-0.009980 -0.600000 -0.200000
-0.009960 -0.600000 -0.200000
-0.009940 -0.800000 -0.200000
-0.009920 -0.800000 -0.200000
-0.009900 -1.000000 -0.200000
-0.009880 -1.000000 -0.200000
-0.009860 -1.000000 -0.200000
-0.009840 -1.200000 -0.200000
-0.009820 -1.200000 -0.200000
-0.009800 -1.400000 -0.200000
-0.009780 -1.400000 -0.200000
-0.009760 -1.400000 -0.200000
-0.009740 -1.600000 -0.200000
-0.009720 -1.600000 -0.200000
-0.009700 -1.600000 -0.200000
-0.009680 -1.800000 -0.200000
-0.009660 -1.800000 -0.200000
-0.009640 -2.000000 -0.200000
-0.009620 -2.000000 -0.200000
-0.009600 -2.200000 -0.200000
-0.009580 -2.200000 -0.200000
-0.009560 -2.200000 -0.200000
-0.009540 -2.400000 -0.200000
-0.009520 -2.400000 -0.200000
-0.009500 -2.400000 -0.200000
-0.009480 -2.600000 -0.200000
-0.009460 -2.600000 -0.200000
-0.009440 -2.600000 -0.200000
-0.009420 -2.800000 -0.200000
-0.009400 -2.800000 -0.200000
-0.009380 -2.800000 -0.200000
-0.009360 -3.000000 -0.200000
-0.009340 -3.000000 -0.200000
-0.009320 -3.000000 -0.200000
-0.009300 -3.200000 -0.200000
-0.009280 -3.200000 -0.200000
-0.009260 -3.200000 -0.200000
-0.009240 -3.400000 -0.200000
-0.009220 -3.400000 -0.200000
-0.009200 -3.400000 -0.200000
-0.009180 -3.400000 -0.200000
-0.009160 -3.600000 -0.200000
-0.009140 -3.600000 -0.200000
-0.009120 -3.600000 -0.200000
-0.009100 -3.800000 -0.200000
-0.009080 -3.800000 -0.200000
-0.009060 -4.000000 -0.200000
-0.009040 -4.000000 -0.200000
-0.009020 -4.000000 -0.200000
-0.009000 -4.200000 -0.200000
-0.008980 -4.200000 -0.200000
-0.008960 -4.400000 -0.200000
-0.008940 -4.400000 -0.200000
-0.008920 -4.400000 -0.200000
-0.008900 -4.600000 -0.200000
-0.008880 -4.600000 -0.200000
-0.008860 -4.800000 -0.200000
-0.008840 -4.800000 -0.200000
-0.008820 -4.800000 -0.200000
-0.008800 -5.000000 -0.200000
-0.008780 -5.000000 -0.200000
-0.008760 -5.000000 -0.200000
-0.008740 -5.200000 -0.200000
-0.008720 -5.200000 -0.200000
-0.008700 -5.200000 -0.200000
-0.008680 -5.400000 -0.200000
-0.008660 -5.400000 -0.200000
-0.008640 -5.400000 -0.200000
-0.008620 -5.600000 -0.200000
-0.008600 -5.600000 -0.200000
-0.008580 -5.600000 -0.200000
-0.008560 -5.800000 -0.200000
-0.008540 -5.800000 -0.200000
-0.008520 -5.800000 -0.200000
-0.008500 -6.000000 -0.200000
-0.008480 -6.000000 -0.200000
-0.008460 -6.000000 -0.200000
-0.008440 -6.200000 -0.200000
-0.008420 -6.200000 -0.200000
-0.008400 -6.200000 -0.200000
-0.008380 -6.400000 -0.200000
-0.008360 -6.400000 -0.200000
-0.008340 -6.600000 -0.200000
-0.008320 -6.600000 -0.200000
-0.008300 -6.600000 -0.200000
-0.008280 -6.800000 -0.200000
-0.008260 -6.800000 -0.200000
-0.008240 -7.000000 -0.200000
-0.008220 -7.000000 -0.200000
-0.008200 -7.000000 -0.200000
-0.008180 -7.200000 -0.200000
-0.008160 -7.200000 -0.200000
-0.008140 -7.200000 -0.200000
-0.008120 -7.400000 -0.200000
-0.008100 -7.400000 -0.200000
-0.008080 -7.400000 -0.200000
-0.008060 -7.600000 -0.200000
-0.008040 -7.600000 -0.200000
-0.008020 -7.600000 -0.200000
-0.008000 -7.600000 -0.200000
-0.007980 -7.800000 -0.200000
-0.007960 -7.800000 -0.200000
-0.007940 -7.800000 -0.200000
-0.007920 -7.800000 -0.200000
-0.007900 -8.000000 -0.200000
-0.007880 -8.000000 -0.200000
-0.007860 -8.000000 -0.200000
-0.007840 -8.200000 -0.200000
-0.007820 -8.200000 -0.200000
-0.007800 -8.200000 -0.200000
-0.007780 -8.400000 -0.200000
-0.007760 -8.400000 -0.200000
-0.007740 -8.400000 -0.200000
-0.007720 -8.600000 -0.200000
-0.007700 -8.600000 -0.200000
-0.007680 -8.600000 -0.200000
-0.007660 -8.600000 -0.200000
-0.007640 -8.800000 -0.200000
-0.007620 -8.800000 -0.200000
-0.007600 -8.800000 -0.200000
-0.007580 -9.000000 -0.200000
-0.007560 -9.000000 -0.200000
-0.007540 -9.000000 -0.200000
-0.007520 -9.200000 -0.200000
-0.007500 -9.200000 -0.200000
-0.007480 -9.200000 -0.200000
-0.007460 -9.200000 -0.200000
-0.007440 -9.400000 -0.200000
-0.007420 -9.400000 -0.200000
-0.007400 -9.400000 -0.200000
-0.007380 -9.400000 -0.200000
-0.007360 -9.600000 -0.200000
-0.007340 -9.600000 -0.200000
-0.007320 -9.600000 -0.200000
-0.007300 -9.600000 -0.200000
-0.007280 -9.800000 -0.200000
-0.007260 -9.800000 -0.200000
-0.007240 -9.800000 -0.200000
-0.007220 -9.800000 -0.200000
-0.007200 -9.800000 -0.400000
-0.007180 -10.000000 -0.200000
-0.007160 -10.000000 -0.200000
-0.007140 -10.200000 -0.200000
-0.007120 -10.200000 -0.200000
-0.007100 -10.200000 -0.200000
-0.007080 -10.200000 -0.200000
-0.007060 -10.200000 -0.200000
-0.007040 -10.400000 -0.200000
-0.007020 -10.400000 -0.200000
-0.007000 -10.400000 -0.200000
-0.006980 -10.400000 -0.200000
-0.006960 -10.400000 -0.200000
-0.006940 -10.400000 -0.200000
-0.006920 -10.600000 -0.200000
-0.006900 -10.600000 -0.200000
-0.006880 -10.600000 -0.200000
-0.006860 -10.600000 -0.400000
-0.006840 -10.600000 -0.200000
-0.006820 -10.800000 -0.200000
-0.006800 -10.800000 -0.200000
-0.006780 -10.800000 -0.400000
-0.006760 -10.800000 -0.200000
-0.006740 -11.000000 -0.200000
-0.006720 -11.000000 -0.200000
-0.006700 -11.000000 -0.200000
-0.006680 -11.000000 -0.200000
-0.006660 -11.000000 -0.200000
-0.006640 -11.000000 -0.200000
-0.006620 -11.000000 -0.200000
-0.006600 -11.200000 -0.200000
-0.006580 -11.200000 -0.200000
-0.006560 -11.200000 -0.200000
-0.006540 -11.200000 -0.200000
-0.006520 -11.200000 -0.200000
-0.006500 -11.400000 -0.200000
-0.006480 -11.400000 -0.200000
-0.006460 -11.400000 -0.200000
-0.006440 -11.400000 -0.200000
-0.006420 -11.400000 -0.200000
-0.006400 -11.400000 -0.200000
-0.006380 -11.600000 -0.200000
-0.006360 -11.600000 -0.200000
-0.006340 -11.600000 -0.200000
-0.006320 -11.800000 -0.200000
-0.006300 -11.800000 -0.200000
-0.006280 -11.800000 -0.200000
-0.006260 -11.800000 -0.200000
-0.006240 -11.800000 -0.200000
-0.006220 -11.800000 -0.200000
-0.006200 -11.800000 -0.400000
-0.006180 -12.000000 -0.200000
-0.006160 -12.000000 -0.200000
-0.006140 -12.000000 -0.200000
-0.006120 -12.000000 -0.200000
-0.006100 -12.200000 -0.200000
-0.006080 -12.200000 -0.200000
-0.006060 -12.200000 -0.200000
-0.006040 -12.200000 -0.200000
-0.006020 -12.200000 -0.200000
-0.006000 -12.200000 -0.200000
-0.005980 -12.200000 -0.400000
-0.005960 -12.200000 -0.200000
-0.005940 -12.200000 -0.400000
-0.005920 -12.200000 -0.400000
-0.005900 -12.200000 -0.200000
-0.005880 -12.200000 -0.200000
-0.005860 -12.200000 -0.200000
-0.005840 -12.200000 -0.400000
-0.005820 -12.200000 -0.200000
-0.005800 -12.200000 -0.200000
-0.005780 -12.200000 -0.200000
-0.005760 -12.200000 -0.400000
-0.005740 -12.200000 -0.200000
-0.005720 -12.200000 -0.200000
-0.005700 -12.200000 -0.200000
-0.005680 -12.200000 -0.400000
-0.005660 -12.200000 -0.400000
-0.005640 -12.200000 -0.400000
-0.005620 -12.200000 -0.200000
-0.005600 -12.200000 -0.200000
-0.005580 -12.200000 -0.200000
-0.005560 -12.200000 -0.200000
-0.005540 -12.200000 -0.200000
-0.005520 -12.200000 -0.400000
-0.005500 -12.200000 -0.400000
-0.005480 -12.400000 -0.200000
-0.005460 -12.200000 -0.200000
-0.005440 -12.200000 -0.400000
-0.005420 -12.200000 -0.400000
-0.005400 -12.200000 -0.200000
-0.005380 -12.200000 -0.200000
-0.005360 -12.200000 -0.200000
-0.005340 -12.200000 -0.200000
-0.005320 -12.200000 -0.400000
-0.005300 -12.200000 -0.400000
-0.005280 -12.200000 -0.200000
-0.005260 -12.200000 -0.400000
-0.005240 -12.200000 -0.200000
-0.005220 -12.400000 -0.200000
-0.005200 -12.400000 -0.200000
-0.005180 -12.400000 -0.200000
-0.005160 -12.200000 -0.400000
-0.005140 -12.400000 -0.200000
-0.005120 -12.200000 -0.200000
-0.005100 -12.400000 -0.200000
-0.005080 -12.200000 -0.400000
-0.005060 -12.400000 -0.200000
-0.005040 -12.400000 -0.200000
-0.005020 -12.200000 -0.400000
-0.005000 -12.400000 -0.200000
-0.004980 -12.200000 -0.400000
-0.004960 -12.200000 -0.200000
-0.004940 -12.400000 -0.200000
-0.004920 -12.400000 -0.200000
-0.004900 -12.400000 -0.200000
-0.004880 -12.200000 -0.200000
-0.004860 -12.400000 -0.400000
-0.004840 -12.400000 -0.200000
-0.004820 -12.200000 -0.200000
-0.004800 -12.400000 -0.200000
-0.004780 -12.400000 -0.200000
-0.004760 -12.400000 -0.200000
-0.004740 -12.200000 -0.200000
-0.004720 -12.400000 -0.200000
-0.004700 -12.400000 -0.200000
-0.004680 -12.200000 -0.400000
-0.004660 -12.200000 -0.400000
-0.004640 -12.400000 -0.200000
-0.004620 -12.400000 -0.400000
-0.004600 -12.400000 -0.200000
-0.004580 -12.400000 -0.200000
-0.004560 -12.400000 -0.200000
-0.004540 -12.200000 -0.400000
-0.004520 -12.400000 -0.400000
-0.004500 -12.400000 -0.200000
-0.004480 -12.400000 -0.200000
-0.004460 -12.400000 -0.200000
-0.004440 -12.400000 -0.400000
-0.004420 -12.400000 -0.200000
-0.004400 -12.400000 -0.200000
-0.004380 -12.400000 -0.400000
-0.004360 -12.200000 -0.400000
-0.004340 -12.400000 -0.200000
-0.004320 -12.400000 -0.200000
-0.004300 -12.400000 -0.200000
-0.004280 -12.200000 -0.400000
-0.004260 -12.400000 -0.200000
-0.004240 -12.400000 -0.200000
-0.004220 -12.400000 -0.400000
-0.004200 -12.400000 -0.200000
-0.004180 -12.400000 -0.200000
-0.004160 -12.400000 -0.200000
-0.004140 -12.400000 -0.200000
-0.004120 -12.400000 -0.200000
-0.004100 -12.400000 -0.200000
-0.004080 -12.400000 -0.200000
-0.004060 -12.200000 -0.400000
-0.004040 -12.400000 -0.200000
-0.004020 -12.400000 -0.200000
-0.004000 -12.200000 -0.400000
-0.003980 -12.400000 -0.200000
-0.003960 -12.400000 -0.200000
-0.003940 -12.400000 -0.400000
-0.003920 -12.200000 -0.400000
-0.003900 -12.400000 -0.200000
-0.003880 -12.400000 -0.200000
-0.003860 -12.400000 -0.200000
-0.003840 -12.400000 -0.200000
-0.003820 -12.400000 -0.200000
-0.003800 -12.400000 -0.200000
-0.003780 -12.200000 -0.400000
-0.003760 -12.200000 -0.400000
-0.003740 -12.400000 -0.200000
-0.003720 -12.200000 -0.200000
-0.003700 -12.400000 -0.200000
-0.003680 -12.400000 -0.200000
-0.003660 -12.400000 -0.200000
-0.003640 -12.200000 -0.400000
-0.003620 -12.200000 -0.200000
-0.003600 -12.200000 -0.200000
-0.003580 -12.400000 -0.200000
-0.003560 -12.400000 -0.200000
-0.003540 -12.200000 -0.400000
-0.003520 -12.400000 -0.200000
-0.003500 -12.200000 -0.200000
-0.003480 -12.200000 -0.200000
-0.003460 -12.200000 -0.200000
-0.003440 -12.200000 -0.200000
-0.003420 -12.200000 -0.200000
-0.003400 -12.200000 -0.200000
-0.003380 -12.000000 -0.400000
-0.003360 -12.000000 -0.200000
-0.003340 -12.000000 -0.400000
-0.003320 -11.800000 -0.400000
-0.003300 -11.800000 -0.200000
-0.003280 -11.800000 -0.200000
-0.003260 -11.800000 -0.200000
-0.003240 -11.600000 -0.200000
-0.003220 -11.600000 -0.200000
-0.003200 -11.600000 -0.200000
-0.003180 -11.600000 -0.200000
-0.003160 -11.400000 -0.400000
-0.003140 -11.400000 -0.400000
-0.003120 -11.400000 -0.200000
-0.003100 -11.200000 -0.200000
-0.003080 -11.200000 -0.200000
-0.003060 -11.000000 -0.200000
-0.003040 -11.000000 -0.400000
-0.003020 -10.800000 -0.400000
-0.003000 -10.800000 -0.200000
-0.002980 -10.800000 -0.200000
-0.002960 -10.600000 -0.200000
-0.002940 -10.600000 -0.400000
-0.002920 -10.600000 -0.200000
-0.002900 -10.400000 -0.200000
-0.002880 -10.400000 -0.200000
-0.002860 -10.200000 -0.400000
-0.002840 -10.200000 -0.200000
-0.002820 -10.200000 -0.400000
-0.002800 -10.000000 -0.400000
-0.002780 -10.000000 -0.400000
-0.002760 -10.000000 -0.400000
-0.002740 -10.000000 -0.200000
-0.002720 -9.800000 -0.200000
-0.002700 -9.800000 -0.200000
-0.002680 -9.800000 -0.200000
-0.002660 -9.600000 -0.200000
-0.002640 -9.600000 -0.200000
-0.002620 -9.600000 -0.200000
-0.002600 -9.600000 -0.200000
-0.002580 -9.600000 -0.200000
-0.002560 -9.600000 -0.200000
-0.002540 -9.400000 -0.200000
-0.002520 -9.400000 -0.200000
-0.002500 -9.400000 -0.200000
-0.002480 -9.400000 -0.200000
-0.002460 -9.200000 -0.200000
-0.002440 -9.200000 -0.200000
-0.002420 -9.200000 -0.200000
-0.002400 -9.200000 -0.200000
-0.002380 -9.000000 -0.200000
-0.002360 -9.000000 -0.200000
-0.002340 -9.000000 -0.200000
-0.002320 -9.000000 -0.200000
-0.002300 -8.800000 -0.200000
-0.002280 -8.800000 -0.200000
-0.002260 -8.800000 -0.200000
-0.002240 -8.600000 -0.200000
-0.002220 -8.600000 -0.200000
-0.002200 -8.600000 -0.200000
-0.002180 -8.600000 -0.200000
-0.002160 -8.400000 -0.200000
-0.002140 -8.400000 -0.200000
-0.002120 -8.400000 -0.200000
-0.002100 -8.200000 -0.200000
-0.002080 -8.200000 -0.200000
-0.002060 -8.200000 -0.200000
-0.002040 -8.000000 -0.200000
-0.002020 -8.000000 -0.200000
-0.002000 -8.000000 -0.200000
-0.001980 -7.800000 -0.200000
-0.001960 -7.800000 -0.200000
-0.001940 -7.800000 -0.200000
-0.001920 -7.600000 -0.200000
-0.001900 -7.600000 -0.200000
-0.001880 -7.600000 -0.200000
-0.001860 -7.400000 -0.200000
-0.001840 -7.400000 -0.200000
-0.001820 -7.200000 -0.200000
-0.001800 -7.200000 -0.200000
-0.001780 -7.200000 -0.200000
-0.001760 -7.000000 -0.200000
-0.001740 -7.000000 -0.200000
-0.001720 -6.800000 -0.200000
-0.001700 -6.800000 -0.200000
-0.001680 -6.600000 -0.200000
-0.001660 -6.600000 -0.200000
-0.001640 -6.400000 -0.200000
-0.001620 -6.400000 -0.200000
-0.001600 -6.200000 -0.200000
-0.001580 -6.200000 -0.200000
-0.001560 -6.000000 -0.200000
-0.001540 -6.000000 -0.200000
-0.001520 -5.800000 -0.200000
-0.001500 -5.800000 -0.200000
-0.001480 -5.800000 -0.200000
-0.001460 -5.600000 -0.200000
-0.001440 -5.600000 -0.200000
-0.001420 -5.400000 -0.200000
-0.001400 -5.400000 -0.200000
-0.001380 -5.400000 -0.200000
-0.001360 -5.200000 -0.200000
-0.001340 -5.200000 -0.200000
-0.001320 -5.000000 -0.200000
-0.001300 -5.000000 -0.200000
-0.001280 -4.800000 -0.200000
-0.001260 -4.800000 -0.200000
-0.001240 -4.800000 -0.200000
-0.001220 -4.600000 -0.200000
-0.001200 -4.600000 -0.200000
-0.001180 -4.400000 -0.200000
-0.001160 -4.400000 -0.200000
-0.001140 -4.400000 -0.200000
-0.001120 -4.200000 -0.200000
-0.001100 -4.200000 -0.200000
-0.001080 -4.000000 -0.200000
-0.001060 -4.000000 -0.200000
-0.001040 -3.800000 -0.200000
-0.001020 -3.800000 -0.200000
-0.001000 -3.600000 -0.200000
-0.000980 -3.600000 -0.200000
-0.000960 -3.600000 -0.200000
-0.000940 -3.400000 -0.200000
-0.000920 -3.400000 -0.200000
-0.000900 -3.400000 -0.200000
-0.000880 -3.200000 -0.200000
-0.000860 -3.200000 -0.200000
-0.000840 -3.200000 -0.200000
-0.000820 -3.000000 -0.200000
-0.000800 -3.000000 -0.200000
-0.000780 -2.800000 -0.200000
-0.000760 -2.800000 -0.200000
-0.000740 -2.800000 -0.200000
-0.000720 -2.600000 -0.200000
-0.000700 -2.600000 -0.200000
-0.000680 -2.400000 -0.200000
-0.000660 -2.400000 -0.200000
-0.000640 -2.200000 -0.200000
-0.000620 -2.200000 -0.200000
-0.000600 -2.200000 -0.200000
-0.000580 -2.000000 -0.200000
-0.000560 -2.000000 -0.200000
-0.000540 -1.800000 -0.200000
-0.000520 -1.800000 -0.200000
-0.000500 -1.600000 -0.200000
-0.000480 -1.400000 -0.200000
-0.000460 -1.400000 -0.200000
-0.000440 -1.400000 -0.200000
-0.000420 -1.200000 -0.200000
-0.000400 -1.200000 -0.200000
-0.000380 -1.000000 -0.200000
-0.000360 -1.000000 -0.200000
-0.000340 -1.000000 -0.200000
-0.000320 -0.800000 -0.200000
-0.000300 -0.800000 -0.200000
-0.000280 -0.600000 -0.200000
-0.000260 -0.600000 -0.200000
-0.000240 -0.400000 -0.200000
-0.000220 -0.400000 -0.200000
-0.000200 -0.200000 -0.200000
-0.000180 -0.200000 -0.200000
-0.000160 -0.200000 -0.200000
-0.000140 0.000000 -0.200000
-0.000120 0.000000 -0.200000
-0.000100 0.200000 -0.200000
-0.000080 0.200000 -0.200000
-0.000060 0.400000 -0.200000
-0.000040 0.400000 -0.200000
-0.000020 0.600000 -0.200000
-0.000000 0.600000 -0.200000
0.000020 0.600000 -0.200000
0.000040 0.800000 -0.200000
0.000060 0.800000 -0.200000
0.000080 0.800000 -0.200000
0.000100 1.000000 -0.200000
0.000120 1.000000 -0.200000
0.000140 1.200000 -0.200000
0.000160 1.200000 -0.200000
0.000180 1.200000 -0.200000
0.000200 1.400000 -0.200000
0.000220 1.400000 -0.200000
0.000240 1.400000 -0.200000
0.000260 1.600000 -0.200000
0.000280 1.600000 -0.200000
0.000300 1.600000 -0.200000
0.000320 1.600000 -0.200000
0.000340 1.800000 0.000000
0.000360 1.800000 0.000000
0.000380 1.800000 0.000000
0.000400 1.800000 0.000000
0.000420 1.800000 0.200000
0.000440 1.800000 0.200000
0.000460 1.800000 0.200000
0.000480 1.800000 0.400000
0.000500 1.800000 0.400000
0.000520 1.800000 0.400000
0.000540 1.800000 0.400000
0.000560 1.800000 0.600000
0.000580 1.800000 0.600000
0.000600 1.800000 0.600000
0.000620 1.800000 0.800000
0.000640 1.800000 0.800000
0.000660 1.800000 0.800000
0.000680 1.800000 1.000000
0.000700 1.800000 1.000000
0.000720 1.800000 1.000000
0.000740 1.800000 1.200000
0.000760 1.800000 1.200000
0.000780 1.800000 1.400000
0.000800 1.800000 1.400000
0.000820 1.800000 1.400000
0.000840 1.800000 1.600000
0.000860 1.800000 1.600000
0.000880 1.800000 1.600000
0.000900 1.800000 1.800000
0.000920 1.800000 1.800000
0.000940 1.800000 2.000000
0.000960 1.800000 2.000000
0.000980 1.800000 2.000000
0.001000 1.800000 2.200000
0.001020 1.800000 2.200000
0.001040 1.800000 2.200000
0.001060 1.800000 2.400000
0.001080 1.800000 2.400000
0.001100 1.800000 2.400000
0.001120 1.800000 2.600000
0.001140 1.800000 2.600000
0.001160 1.800000 2.800000
0.001180 1.800000 2.800000
0.001200 1.800000 2.800000
0.001220 1.800000 3.000000
0.001240 1.800000 3.000000
0.001260 1.800000 3.200000
0.001280 1.800000 3.200000
0.001300 1.800000 3.200000
0.001320 1.800000 3.200000
0.001340 1.800000 3.400000
0.001360 1.800000 3.400000
0.001380 1.800000 3.400000
0.001400 1.800000 3.600000
0.001420 1.800000 3.600000
0.001440 1.800000 3.600000
0.001460 1.800000 3.800000
0.001480 1.800000 3.800000
0.001500 1.800000 3.800000
0.001520 1.800000 4.000000
0.001540 1.800000 4.000000
0.001560 1.800000 4.000000
0.001580 1.800000 4.200000
0.001600 1.800000 4.200000
0.001620 1.800000 4.200000
0.001640 1.800000 4.400000
0.001660 1.800000 4.400000
0.001680 1.800000 4.600000
0.001700 1.800000 4.600000
0.001720 1.800000 4.600000
0.001740 1.800000 4.800000
0.001760 1.800000 4.800000
0.001780 2.000000 4.800000
0.001800 1.800000 5.000000
0.001820 1.800000 5.000000
0.001840 1.800000 5.000000
0.001860 1.800000 5.200000
0.001880 2.000000 5.200000
0.001900 2.000000 5.200000
0.001920 2.000000 5.200000
0.001940 2.000000 5.400000
0.001960 2.000000 5.400000
0.001980 2.000000 5.400000
0.002000 2.000000 5.600000
0.002020 2.000000 5.600000
0.002040 2.000000 5.600000
0.002060 2.000000 5.800000
0.002080 2.000000 5.800000
0.002100 2.000000 5.800000
0.002120 2.000000 6.000000
0.002140 2.000000 6.000000
0.002160 2.000000 6.000000
0.002180 2.000000 6.200000
0.002200 2.000000 6.200000
0.002220 2.000000 6.200000
0.002240 2.000000 6.400000
0.002260 2.000000 6.400000
0.002280 2.000000 6.400000
0.002300 2.000000 6.400000
0.002320 2.000000 6.600000
0.002340 2.000000 6.600000
0.002360 2.000000 6.600000
0.002380 2.000000 6.800000
0.002400 2.000000 6.800000
0.002420 2.000000 6.800000
0.002440 2.000000 6.800000
0.002460 2.000000 7.000000
0.002480 2.000000 7.000000
0.002500 2.000000 7.000000
0.002520 2.000000 7.000000
0.002540 2.000000 7.200000
0.002560 2.000000 7.200000
0.002580 2.000000 7.200000
0.002600 2.000000 7.200000
0.002620 2.000000 7.200000
0.002640 2.000000 7.400000
0.002660 2.000000 7.400000
0.002680 2.000000 7.400000
0.002700 2.000000 7.400000
0.002720 2.000000 7.600000
0.002740 2.000000 7.600000
0.002760 2.000000 7.600000
0.002780 2.000000 7.800000
0.002800 2.000000 7.800000
0.002820 2.000000 7.800000
0.002840 2.000000 7.800000
0.002860 2.000000 8.000000
0.002880 2.000000 8.000000
0.002900 2.000000 8.000000
0.002920 2.000000 8.000000
0.002940 2.000000 8.200000
0.002960 2.000000 8.200000
0.002980 2.000000 8.200000
0.003000 2.000000 8.200000
0.003020 2.000000 8.400000
0.003040 2.000000 8.400000
0.003060 2.000000 8.400000
0.003080 2.000000 8.400000
0.003100 2.000000 8.400000
0.003120 2.000000 8.600000
0.003140 2.000000 8.600000
0.003160 2.000000 8.600000
0.003180 2.000000 8.600000
0.003200 2.000000 8.600000
0.003220 2.000000 8.600000
0.003240 2.000000 8.600000
0.003260 2.000000 8.800000
0.003280 2.000000 8.800000
0.003300 2.000000 8.800000
0.003320 2.000000 8.800000
0.003340 2.000000 8.800000
0.003360 2.000000 8.800000
0.003380 2.000000 9.000000
0.003400 2.000000 9.000000
0.003420 2.000000 9.000000
0.003440 2.000000 9.000000
0.003460 2.000000 9.000000
0.003480 2.000000 9.200000
0.003500 2.000000 9.200000
0.003520 2.000000 9.200000
0.003540 2.000000 9.200000
0.003560 2.000000 9.400000
0.003580 2.000000 9.400000
0.003600 2.000000 9.400000
0.003620 2.000000 9.400000
0.003640 2.000000 9.400000
0.003660 2.000000 9.400000
0.003680 2.000000 9.600000
0.003700 2.000000 9.600000
0.003720 2.000000 9.600000
0.003740 2.000000 9.600000
0.003760 2.000000 9.600000
0.003780 2.000000 9.800000
0.003800 2.000000 9.800000
0.003820 2.000000 9.800000
0.003840 2.000000 9.800000
0.003860 2.000000 9.800000
0.003880 2.000000 10.000000
0.003900 2.000000 10.000000
0.003920 2.000000 10.000000
0.003940 2.000000 10.000000
0.003960 2.000000 10.000000
0.003980 2.000000 10.000000
0.004000 2.000000 10.000000
0.004020 2.000000 10.000000
0.004040 2.000000 10.000000
0.004060 2.000000 10.000000
0.004080 2.000000 10.000000
0.004100 2.000000 10.000000
0.004120 2.000000 10.000000
0.004140 2.000000 10.000000
0.004160 2.000000 10.000000
0.004180 2.000000 10.000000
0.004200 2.000000 10.000000
0.004220 2.000000 10.000000
0.004240 2.000000 10.000000
0.004260 2.000000 10.200000
0.004280 2.000000 10.200000
0.004300 2.000000 10.000000
0.004320 2.000000 10.000000
0.004340 2.000000 10.200000
0.004360 2.000000 10.200000
0.004380 2.000000 10.200000
0.004400 2.000000 10.000000
0.004420 2.000000 10.000000
0.004440 2.000000 10.200000
0.004460 2.000000 10.200000
0.004480 2.000000 10.200000
0.004500 2.000000 10.200000
0.004520 2.000000 10.200000
0.004540 2.000000 10.200000
0.004560 2.000000 10.200000
0.004580 2.000000 10.200000
0.004600 2.000000 10.200000
0.004620 2.000000 10.200000
0.004640 2.000000 10.200000
0.004660 2.000000 10.200000
0.004680 2.000000 10.200000
0.004700 2.000000 10.200000
0.004720 2.000000 10.200000
0.004740 2.000000 10.200000
0.004760 2.000000 10.200000
0.004780 2.000000 10.200000
0.004800 2.000000 10.200000
0.004820 2.000000 10.200000
0.004840 2.000000 10.200000
0.004860 2.000000 10.200000
0.004880 2.000000 10.200000
0.004900 2.000000 10.200000
0.004920 2.000000 10.200000
0.004940 2.000000 10.200000
0.004960 2.000000 10.200000
0.004980 2.000000 10.200000
0.005000 2.000000 10.200000
0.005020 2.000000 10.200000
0.005040 2.000000 10.200000
0.005060 2.000000 10.200000
0.005080 2.000000 10.200000
0.005100 2.000000 10.200000
0.005120 2.000000 10.200000
0.005140 2.000000 10.200000
0.005160 2.000000 10.200000
0.005180 2.000000 10.200000
0.005200 2.000000 10.200000
0.005220 2.000000 10.200000
0.005240 2.000000 10.200000
0.005260 2.000000 10.200000
0.005280 2.000000 10.200000
0.005300 2.000000 10.200000
0.005320 2.000000 10.200000
0.005340 2.000000 10.200000
0.005360 2.000000 10.200000
0.005380 2.000000 10.200000
0.005400 2.000000 10.200000
0.005420 2.000000 10.200000
0.005440 2.000000 10.200000
0.005460 2.000000 10.200000
0.005480 2.000000 10.200000
0.005500 2.000000 10.200000
0.005520 2.000000 10.200000
0.005540 2.000000 10.200000
0.005560 2.000000 10.200000
0.005580 2.000000 10.200000
0.005600 2.000000 10.200000
0.005620 2.000000 10.200000
0.005640 2.000000 10.200000
0.005660 2.000000 10.200000
0.005680 2.000000 10.200000
0.005700 2.000000 10.200000
0.005720 2.000000 10.200000
0.005740 2.000000 10.200000
0.005760 2.000000 10.200000
0.005780 2.000000 10.200000
0.005800 2.000000 10.200000
0.005820 2.000000 10.200000
0.005840 2.000000 10.200000
0.005860 2.000000 10.200000
0.005880 2.000000 10.200000
0.005900 2.000000 10.200000
0.005920 2.000000 10.200000
0.005940 2.000000 10.200000
0.005960 2.000000 10.200000
0.005980 2.000000 10.200000
0.006000 2.000000 10.200000
0.006020 2.000000 10.200000
0.006040 2.000000 10.200000
0.006060 2.000000 10.200000
0.006080 2.000000 10.200000
0.006100 2.000000 10.200000
0.006120 2.000000 10.200000
0.006140 2.000000 10.200000
0.006160 2.000000 10.200000
0.006180 2.000000 10.200000
0.006200 2.000000 10.200000
0.006220 2.000000 10.200000
0.006240 2.000000 10.200000
0.006260 2.000000 10.200000
0.006280 2.000000 10.200000
0.006300 2.000000 10.200000
0.006320 2.000000 10.200000
0.006340 2.000000 10.200000
0.006360 2.000000 10.200000
0.006380 2.000000 10.200000
0.006400 2.000000 10.200000
0.006420 2.000000 10.200000
0.006440 2.000000 10.200000
0.006460 2.000000 10.200000
0.006480 2.000000 10.200000
0.006500 2.000000 10.200000
0.006520 2.000000 10.200000
0.006540 2.000000 10.000000
0.006560 2.000000 10.000000
0.006580 2.000000 10.000000
0.006600 2.000000 10.000000
0.006620 2.000000 9.800000
0.006640 2.000000 9.800000
0.006660 2.000000 9.800000
0.006680 2.000000 9.800000
0.006700 2.000000 9.600000
0.006720 2.000000 9.600000
0.006740 2.000000 9.600000
0.006760 2.000000 9.600000
0.006780 2.000000 9.400000
0.006800 2.000000 9.400000
0.006820 2.000000 9.400000
0.006840 2.000000 9.400000
0.006860 2.000000 9.200000
0.006880 2.000000 9.200000
0.006900 2.000000 9.000000
0.006920 2.000000 9.000000
0.006940 2.000000 8.800000
0.006960 2.000000 8.800000
0.006980 2.000000 8.800000
0.007000 2.000000 8.600000
0.007020 2.000000 8.600000
0.007040 2.000000 8.600000
0.007060 2.000000 8.400000
0.007080 2.000000 8.400000
0.007100 2.000000 8.400000
0.007120 2.000000 8.200000
0.007140 2.000000 8.200000
0.007160 2.000000 8.000000
0.007180 2.000000 8.000000
0.007200 2.000000 8.000000
0.007220 2.000000 8.000000
0.007240 2.000000 7.800000
0.007260 2.000000 7.800000
0.007280 2.000000 7.800000
0.007300 2.000000 7.600000
0.007320 2.000000 7.600000
0.007340 2.000000 7.600000
0.007360 2.000000 7.400000
0.007380 2.000000 7.400000
0.007400 2.000000 7.400000
0.007420 2.000000 7.400000
0.007440 2.000000 7.400000
0.007460 2.000000 7.200000
0.007480 2.000000 7.200000
0.007500 2.000000 7.200000
0.007520 2.000000 7.200000
0.007540 2.000000 7.200000
0.007560 2.000000 7.000000
0.007580 2.000000 7.000000
0.007600 2.000000 7.000000
0.007620 2.000000 7.000000
0.007640 2.000000 7.000000
0.007660 2.000000 6.800000
0.007680 2.000000 6.800000
0.007700 2.000000 6.800000
0.007720 2.000000 6.800000
0.007740 2.000000 6.600000
0.007760 2.000000 6.600000
0.007780 2.000000 6.600000
0.007800 2.000000 6.600000
0.007820 2.000000 6.400000
0.007840 2.000000 6.400000
0.007860 2.000000 6.400000
0.007880 2.000000 6.200000
0.007900 2.000000 6.200000
0.007920 2.000000 6.200000
0.007940 2.000000 6.000000
0.007960 2.000000 6.000000
0.007980 2.000000 6.000000
0.008000 2.000000 5.800000
0.008020 2.000000 5.800000
0.008040 2.000000 5.600000
0.008060 2.000000 5.600000
0.008080 2.000000 5.600000
0.008100 2.000000 5.400000
0.008120 2.000000 5.400000
0.008140 2.000000 5.400000
0.008160 2.000000 5.200000
0.008180 1.800000 5.200000
0.008200 2.000000 5.200000
0.008220 2.000000 5.000000
0.008240 2.000000 5.000000
0.008260 2.000000 4.800000
0.008280 2.000000 4.800000
0.008300 1.800000 4.600000
0.008320 1.800000 4.600000
0.008340 1.800000 4.600000
0.008360 1.800000 4.400000
0.008380 1.800000 4.200000
0.008400 1.800000 4.200000
0.008420 1.800000 4.000000
0.008440 1.800000 4.000000
0.008460 1.800000 4.000000
0.008480 1.800000 3.800000
0.008500 1.800000 3.800000
0.008520 1.800000 3.600000
0.008540 1.800000 3.600000
0.008560 1.800000 3.400000
0.008580 1.800000 3.400000
0.008600 1.800000 3.400000
0.008620 1.800000 3.200000
0.008640 1.800000 3.200000
0.008660 1.800000 3.200000
0.008680 1.800000 3.000000
0.008700 1.800000 3.000000
0.008720 1.800000 2.800000
0.008740 1.800000 2.800000
0.008760 1.800000 2.600000
0.008780 1.800000 2.600000
0.008800 1.800000 2.400000
0.008820 1.800000 2.400000
0.008840 1.800000 2.400000
0.008860 1.800000 2.200000
0.008880 1.800000 2.200000
0.008900 1.800000 2.000000
0.008920 1.800000 2.000000
0.008940 1.800000 2.000000
0.008960 1.800000 1.800000
0.008980 1.800000 1.800000
0.009000 1.800000 1.800000
0.009020 1.800000 1.600000
0.009040 1.800000 1.600000
0.009060 1.800000 1.400000
0.009080 1.800000 1.400000
0.009100 1.800000 1.400000
0.009120 1.800000 1.200000
0.009140 1.800000 1.000000
0.009160 1.800000 1.000000
0.009180 1.800000 1.000000
0.009200 1.800000 0.800000
0.009220 1.800000 0.800000
0.009240 1.800000 0.600000
0.009260 1.800000 0.600000
0.009280 1.800000 0.600000
0.009300 1.800000 0.400000
0.009320 1.800000 0.400000
0.009340 1.800000 0.400000
0.009360 1.800000 0.200000
0.009380 1.800000 0.200000
0.009400 1.800000 0.000000
0.009420 1.800000 0.000000
0.009440 1.800000 0.000000
0.009460 1.800000 0.000000
0.009480 1.600000 -0.200000
0.009500 1.600000 -0.200000
0.009520 1.600000 -0.200000
0.009540 1.400000 -0.200000
0.009560 1.400000 -0.200000
0.009580 1.400000 -0.200000
0.009600 1.200000 -0.200000
0.009620 1.200000 -0.200000
0.009640 1.000000 -0.200000
0.009660 1.000000 -0.200000
0.009680 0.800000 -0.200000
0.009700 0.800000 -0.200000
0.009720 0.600000 -0.200000
0.009740 0.600000 -0.200000
0.009760 0.600000 -0.200000
0.009780 0.400000 -0.200000
0.009800 0.400000 -0.200000
0.009820 0.200000 -0.200000
0.009840 0.200000 -0.200000
0.009860 0.000000 -0.200000
0.009880 0.000000 -0.200000
0.009900 -0.200000 -0.200000
0.009920 -0.200000 -0.200000
0.009940 -0.400000 -0.200000
0.009960 -0.400000 -0.200000
0.009980 -0.400000 -0.200000
0.010000 -0.600000 -0.200000
0.010020 -0.600000 -0.200000
0.010040 -0.800000 -0.200000
0.010060 -0.800000 -0.200000
0.010080 -0.800000 -0.200000
0.010100 -1.000000 -0.200000
0.010120 -1.000000 -0.200000
0.010140 -1.200000 -0.200000
0.010160 -1.200000 -0.200000
0.010180 -1.200000 -0.200000
0.010200 -1.200000 -0.200000
0.010220 -1.400000 -0.200000
0.010240 -1.400000 -0.200000
0.010260 -1.600000 -0.200000
0.010280 -1.600000 -0.200000
0.010300 -1.600000 -0.200000
0.010320 -1.800000 -0.200000
0.010340 -1.800000 -0.200000
0.010360 -2.000000 -0.200000
0.010380 -2.000000 -0.200000
0.010400 -2.000000 -0.200000
0.010420 -2.200000 -0.200000
0.010440 -2.200000 -0.200000
0.010460 -2.400000 -0.200000
0.010480 -2.400000 -0.200000
0.010500 -2.400000 -0.200000
0.010520 -2.600000 -0.200000
0.010540 -2.600000 -0.200000
0.010560 -2.600000 -0.200000
0.010580 -2.800000 -0.200000
0.010600 -2.800000 -0.200000
0.010620 -2.800000 -0.200000
0.010640 -3.000000 -0.200000
0.010660 -3.000000 -0.200000
0.010680 -3.000000 -0.200000
0.010700 -3.200000 -0.200000
0.010720 -3.200000 -0.200000
0.010740 -3.200000 -0.200000
0.010760 -3.400000 -0.200000
0.010780 -3.400000 -0.200000
0.010800 -3.400000 -0.200000
0.010820 -3.400000 -0.200000
0.010840 -3.600000 -0.200000
0.010860 -3.600000 -0.200000
0.010880 -3.600000 -0.200000
0.010900 -3.800000 -0.200000
0.010920 -3.800000 -0.200000
0.010940 -4.000000 -0.200000
0.010960 -4.000000 -0.200000
0.010980 -4.000000 -0.200000
0.011000 -4.200000 -0.200000
0.011020 -4.200000 -0.200000
0.011040 -4.400000 -0.200000
0.011060 -4.400000 -0.200000
0.011080 -4.400000 -0.200000
0.011100 -4.600000 -0.200000
0.011120 -4.600000 -0.200000
0.011140 -4.800000 -0.200000
0.011160 -4.800000 -0.200000
0.011180 -4.800000 -0.200000
0.011200 -5.000000 -0.200000
0.011220 -5.000000 -0.200000
0.011240 -5.000000 -0.200000
0.011260 -5.200000 -0.200000
0.011280 -5.200000 -0.200000
0.011300 -5.200000 -0.200000
0.011320 -5.400000 -0.200000
0.011340 -5.400000 -0.200000
0.011360 -5.400000 -0.200000
0.011380 -5.600000 -0.200000
0.011400 -5.600000 -0.200000
0.011420 -5.600000 -0.200000
0.011440 -5.600000 -0.200000
0.011460 -5.800000 -0.200000
0.011480 -5.800000 -0.200000
0.011500 -6.000000 -0.200000
0.011520 -6.000000 -0.200000
0.011540 -6.000000 -0.200000
0.011560 -6.200000 -0.200000
0.011580 -6.200000 -0.200000
0.011600 -6.200000 -0.200000
0.011620 -6.400000 -0.200000
0.011640 -6.400000 -0.200000
0.011660 -6.600000 -0.200000
0.011680 -6.600000 -0.200000
0.011700 -6.600000 -0.200000
0.011720 -6.800000 -0.200000
0.011740 -6.800000 -0.200000
0.011760 -6.800000 -0.200000
0.011780 -7.000000 -0.200000
0.011800 -7.000000 -0.200000
0.011820 -7.200000 -0.200000
0.011840 -7.200000 -0.200000
0.011860 -7.200000 -0.200000
0.011880 -7.200000 -0.200000
0.011900 -7.400000 -0.200000
0.011920 -7.400000 -0.200000
0.011940 -7.400000 -0.200000
0.011960 -7.600000 -0.200000
0.011980 -7.600000 -0.200000
0.012000 -7.600000 -0.200000
0.012020 -7.800000 -0.200000
0.012040 -7.800000 -0.200000
0.012060 -7.800000 -0.200000
0.012080 -7.800000 -0.200000
0.012100 -8.000000 -0.200000
0.012120 -8.000000 -0.200000
0.012140 -8.000000 -0.200000
0.012160 -8.200000 -0.200000
0.012180 -8.200000 -0.200000
0.012200 -8.200000 -0.200000
0.012220 -8.400000 -0.200000
0.012240 -8.400000 -0.200000
0.012260 -8.400000 -0.200000
0.012280 -8.600000 -0.200000
0.012300 -8.600000 -0.200000
0.012320 -8.600000 -0.200000
0.012340 -8.600000 -0.200000
0.012360 -8.800000 -0.200000
0.012380 -8.800000 -0.200000
0.012400 -9.000000 -0.200000
0.012420 -9.000000 -0.200000
0.012440 -9.000000 -0.200000
0.012460 -9.000000 -0.200000
0.012480 -9.200000 -0.200000
0.012500 -9.200000 -0.200000
0.012520 -9.200000 -0.200000
0.012540 -9.200000 -0.200000
0.012560 -9.400000 -0.200000
0.012580 -9.400000 -0.200000
0.012600 -9.400000 -0.200000
0.012620 -9.400000 -0.200000
0.012640 -9.600000 -0.200000
0.012660 -9.600000 -0.200000
0.012680 -9.600000 -0.200000
0.012700 -9.600000 -0.200000
0.012720 -9.800000 -0.200000
0.012740 -9.800000 -0.200000
0.012760 -9.800000 -0.200000
0.012780 -9.800000 -0.200000
0.012800 -10.000000 -0.200000
0.012820 -10.000000 -0.200000
0.012840 -10.000000 -0.200000
0.012860 -10.000000 -0.200000
0.012880 -10.200000 -0.200000
0.012900 -10.200000 -0.200000
0.012920 -10.200000 -0.200000
0.012940 -10.200000 -0.200000
0.012960 -10.200000 -0.400000
0.012980 -10.400000 -0.200000
0.013000 -10.400000 -0.200000
0.013020 -10.400000 -0.200000
0.013040 -10.400000 -0.200000
0.013060 -10.600000 -0.200000
0.013080 -10.600000 -0.400000
0.013100 -10.600000 -0.200000
0.013120 -10.600000 -0.200000
0.013140 -10.600000 -0.200000
0.013160 -10.600000 -0.400000
0.013180 -10.600000 -0.200000
0.013200 -10.800000 -0.200000
0.013220 -10.800000 -0.400000
0.013240 -10.800000 -0.200000
0.013260 -10.800000 -0.200000
0.013280 -11.000000 -0.200000
0.013300 -10.800000 -0.200000
0.013320 -11.000000 -0.200000
0.013340 -11.000000 -0.200000
0.013360 -11.000000 -0.200000
0.013380 -11.200000 -0.200000
0.013400 -11.000000 -0.400000
0.013420 -11.200000 -0.400000
0.013440 -11.200000 -0.200000
0.013460 -11.200000 -0.200000
0.013480 -11.400000 -0.200000
0.013500 -11.400000 -0.200000
0.013520 -11.400000 -0.200000
0.013540 -11.400000 -0.200000
0.013560 -11.400000 -0.200000
0.013580 -11.400000 -0.200000
0.013600 -11.600000 -0.200000
0.013620 -11.600000 -0.200000
0.013640 -11.600000 -0.200000
0.013660 -11.600000 -0.200000
0.013680 -11.600000 -0.200000
0.013700 -11.800000 -0.200000
0.013720 -11.800000 -0.200000
0.013740 -11.800000 -0.200000
0.013760 -11.800000 -0.400000
0.013780 -11.800000 -0.400000
0.013800 -12.000000 -0.200000
0.013820 -12.000000 -0.200000
0.013840 -12.000000 -0.400000
0.013860 -12.000000 -0.200000
0.013880 -12.000000 -0.200000
0.013900 -12.000000 -0.200000
0.013920 -12.200000 -0.200000
0.013940 -12.200000 -0.200000
0.013960 -12.000000 -0.200000
0.013980 -12.000000 -0.400000
0.014000 -12.000000 -0.400000
0.014020 -12.200000 -0.200000
0.014040 -12.200000 -0.200000
0.014060 -12.200000 -0.200000
0.014080 -12.200000 -0.200000
0.014100 -12.200000 -0.200000
0.014120 -12.200000 -0.200000
0.014140 -12.200000 -0.200000
0.014160 -12.200000 -0.200000
0.014180 -12.200000 -0.200000
0.014200 -12.200000 -0.200000
0.014220 -12.200000 -0.200000
0.014240 -12.200000 -0.200000
0.014260 -12.200000 -0.200000
0.014280 -12.200000 -0.200000
0.014300 -12.400000 -0.200000
0.014320 -12.200000 -0.200000
0.014340 -12.200000 -0.200000
0.014360 -12.200000 -0.400000
0.014380 -12.200000 -0.200000
0.014400 -12.200000 -0.200000
0.014420 -12.200000 -0.200000
0.014440 -12.200000 -0.200000
0.014460 -12.200000 -0.400000
0.014480 -12.200000 -0.200000
0.014500 -12.200000 -0.200000
0.014520 -12.200000 -0.200000
0.014540 -12.400000 -0.200000
0.014560 -12.200000 -0.200000
0.014580 -12.200000 -0.400000
0.014600 -12.200000 -0.200000
0.014620 -12.400000 -0.200000
0.014640 -12.200000 -0.200000
0.014660 -12.200000 -0.200000
0.014680 -12.200000 -0.400000
0.014700 -12.200000 -0.200000
0.014720 -12.200000 -0.400000
0.014740 -12.400000 -0.200000
0.014760 -12.400000 -0.200000
0.014780 -12.200000 -0.200000
0.014800 -12.200000 -0.200000
0.014820 -12.200000 -0.200000
0.014840 -12.200000 -0.200000
0.014860 -12.400000 -0.200000
0.014880 -12.400000 -0.200000
0.014900 -12.400000 -0.200000
0.014920 -12.200000 -0.200000
0.014940 -12.400000 -0.200000
0.014960 -12.400000 -0.200000
0.014980 -12.400000 -0.200000
0.015000 -12.200000 -0.200000
0.015020 -12.200000 -0.400000
0.015040 -12.200000 -0.400000
0.015060 -12.400000 -0.200000
0.015080 -12.400000 -0.200000
0.015100 -12.400000 -0.200000
0.015120 -12.400000 -0.200000
0.015140 -12.200000 -0.400000
0.015160 -12.400000 -0.200000
0.015180 -12.400000 -0.200000
0.015200 -12.400000 -0.200000
0.015220 -12.200000 -0.200000
0.015240 -12.400000 -0.200000
0.015260 -12.400000 -0.200000
0.015280 -12.400000 -0.200000
0.015300 -12.400000 -0.200000
0.015320 -12.400000 -0.200000
0.015340 -12.400000 -0.200000
0.015360 -12.200000 -0.400000
0.015380 -12.400000 -0.200000
0.015400 -12.200000 -0.200000
0.015420 -12.400000 -0.200000
0.015440 -12.400000 -0.200000
0.015460 -12.400000 -0.200000
0.015480 -12.400000 -0.200000
0.015500 -12.200000 -0.400000
0.015520 -12.400000 -0.200000
0.015540 -12.400000 -0.200000
0.015560 -12.400000 -0.400000
0.015580 -12.400000 -0.200000
0.015600 -12.400000 -0.200000
0.015620 -12.400000 -0.400000
0.015640 -12.400000 -0.200000
0.015660 -12.400000 -0.200000
0.015680 -12.400000 -0.200000
0.015700 -12.400000 -0.400000
0.015720 -12.400000 -0.200000
0.015740 -12.400000 -0.200000
0.015760 -12.200000 -0.400000
0.015780 -12.400000 -0.200000
0.015800 -12.400000 -0.200000
0.015820 -12.200000 -0.400000
0.015840 -12.400000 -0.200000
0.015860 -12.400000 -0.200000
0.015880 -12.400000 -0.200000
0.015900 -12.400000 -0.200000
0.015920 -12.400000 -0.200000
0.015940 -12.400000 -0.200000
0.015960 -12.400000 -0.200000
0.015980 -12.200000 -0.400000
0.016000 -12.400000 -0.400000
0.016020 -12.400000 -0.200000
0.016040 -12.400000 -0.200000
0.016060 -12.400000 -0.200000
0.016080 -12.400000 -0.200000
0.016100 -12.400000 -0.400000
0.016120 -12.400000 -0.400000
0.016140 -12.400000 -0.200000
0.016160 -12.400000 -0.200000
0.016180 -12.400000 -0.400000
0.016200 -12.400000 -0.400000
0.016220 -12.200000 -0.400000
0.016240 -12.400000 -0.200000
0.016260 -12.400000 -0.200000
0.016280 -12.200000 -0.400000
0.016300 -12.200000 -0.400000
0.016320 -12.200000 -0.400000
0.016340 -12.200000 -0.400000
0.016360 -12.400000 -0.200000
0.016380 -12.200000 -0.400000
0.016400 -12.200000 -0.400000
0.016420 -12.200000 -0.400000
0.016440 -12.400000 -0.200000
0.016460 -12.200000 -0.200000
0.016480 -12.400000 -0.200000
0.016500 -12.200000 -0.200000
0.016520 -12.200000 -0.200000
0.016540 -12.200000 -0.400000
0.016560 -12.200000 -0.200000
0.016580 -12.200000 -0.200000
0.016600 -12.000000 -0.200000
0.016620 -12.000000 -0.200000
0.016640 -12.000000 -0.200000
0.016660 -11.800000 -0.400000
0.016680 -11.800000 -0.400000
0.016700 -11.800000 -0.200000
0.016720 -11.800000 -0.400000
0.016740 -11.800000 -0.200000
0.016760 -11.600000 -0.400000
0.016780 -11.600000 -0.400000
0.016800 -11.600000 -0.200000
0.016820 -11.400000 -0.400000
0.016840 -11.400000 -0.200000
0.016860 -11.400000 -0.200000
0.016880 -11.200000 -0.400000
0.016900 -11.200000 -0.200000
0.016920 -11.200000 -0.200000
0.016940 -11.000000 -0.400000
0.016960 -11.000000 -0.200000
0.016980 -10.800000 -0.400000
0.017000 -10.800000 -0.200000
0.017020 -10.800000 -0.200000
0.017040 -10.600000 -0.400000
0.017060 -10.600000 -0.200000
0.017080 -10.400000 -0.400000
0.017100 -10.400000 -0.200000
0.017120 -10.400000 -0.400000
0.017140 -10.200000 -0.200000
0.017160 -10.200000 -0.400000
0.017180 -10.200000 -0.200000
0.017200 -10.200000 -0.200000
0.017220 -10.000000 -0.400000
0.017240 -10.000000 -0.200000
0.017260 -10.000000 -0.200000
0.017280 -9.800000 -0.200000
0.017300 -9.800000 -0.200000
0.017320 -9.800000 -0.400000
0.017340 -9.600000 -0.200000
0.017360 -9.600000 -0.200000
0.017380 -9.600000 -0.200000
0.017400 -9.600000 -0.200000
0.017420 -9.600000 -0.200000
0.017440 -9.400000 -0.200000
0.017460 -9.400000 -0.200000
0.017480 -9.400000 -0.200000
0.017500 -9.400000 -0.200000
0.017520 -9.200000 -0.400000
0.017540 -9.200000 -0.200000
0.017560 -9.200000 -0.200000
0.017580 -9.200000 -0.200000
0.017600 -9.200000 -0.200000
0.017620 -9.000000 -0.200000
0.017640 -9.000000 -0.200000
0.017660 -9.000000 -0.200000
0.017680 -8.800000 -0.200000
0.017700 -8.800000 -0.200000
0.017720 -8.800000 -0.200000
0.017740 -8.800000 -0.200000
0.017760 -8.600000 -0.400000
0.017780 -8.600000 -0.200000
0.017800 -8.600000 -0.200000
0.017820 -8.600000 -0.200000
0.017840 -8.400000 -0.200000
0.017860 -8.400000 -0.200000
0.017880 -8.400000 -0.200000
0.017900 -8.200000 -0.200000
0.017920 -8.200000 -0.200000
0.017940 -8.200000 -0.200000
0.017960 -8.000000 -0.200000
0.017980 -8.000000 -0.200000
0.018000 -8.000000 -0.200000
0.018020 -7.800000 -0.200000
0.018040 -7.800000 -0.200000
0.018060 -7.800000 -0.200000
0.018080 -7.600000 -0.200000
0.018100 -7.600000 -0.200000
0.018120 -7.400000 -0.200000
0.018140 -7.400000 -0.200000
0.018160 -7.400000 -0.200000
0.018180 -7.200000 -0.200000
0.018200 -7.200000 -0.200000
0.018220 -7.000000 -0.200000
0.018240 -7.000000 -0.200000
0.018260 -7.000000 -0.200000
0.018280 -6.800000 -0.200000
0.018300 -6.800000 -0.200000
0.018320 -6.600000 -0.200000
0.018340 -6.600000 -0.200000
0.018360 -6.400000 -0.200000
0.018380 -6.400000 -0.200000
0.018400 -6.200000 -0.200000
0.018420 -6.200000 -0.200000
0.018440 -6.000000 -0.200000
0.018460 -6.000000 -0.200000
0.018480 -5.800000 -0.200000
0.018500 -5.800000 -0.200000
0.018520 -5.600000 -0.200000
0.018540 -5.600000 -0.200000
0.018560 -5.600000 -0.200000
0.018580 -5.400000 -0.200000
0.018600 -5.400000 -0.200000
0.018620 -5.400000 -0.200000
0.018640 -5.200000 -0.200000
0.018660 -5.200000 -0.200000
0.018680 -5.000000 -0.200000
0.018700 -5.000000 -0.200000
0.018720 -4.800000 -0.200000
0.018740 -4.800000 -0.200000
0.018760 -4.800000 -0.200000
0.018780 -4.600000 -0.200000
0.018800 -4.600000 -0.200000
0.018820 -4.400000 -0.200000
0.018840 -4.400000 -0.200000
0.018860 -4.400000 -0.200000
0.018880 -4.200000 -0.200000
0.018900 -4.200000 -0.200000
0.018920 -4.000000 -0.200000
0.018940 -4.000000 -0.200000
0.018960 -3.800000 -0.200000
0.018980 -3.800000 -0.200000
0.019000 -3.600000 -0.200000
0.019020 -3.600000 -0.200000
0.019040 -3.600000 -0.200000
0.019060 -3.400000 -0.200000
0.019080 -3.400000 -0.200000
0.019100 -3.400000 -0.200000
0.019120 -3.200000 -0.200000
0.019140 -3.200000 -0.200000
0.019160 -3.200000 -0.200000
0.019180 -3.000000 -0.200000
0.019200 -3.000000 -0.200000
0.019220 -2.800000 -0.200000
0.019240 -2.800000 -0.200000
0.019260 -2.800000 -0.200000
0.019280 -2.600000 -0.200000
0.019300 -2.600000 -0.200000
0.019320 -2.400000 -0.200000
0.019340 -2.400000 -0.200000
0.019360 -2.200000 -0.200000
0.019380 -2.200000 -0.200000
0.019400 -2.200000 -0.200000
0.019420 -2.000000 -0.200000
0.019440 -2.000000 -0.200000
0.019460 -1.800000 -0.200000
0.019480 -1.800000 -0.200000
0.019500 -1.600000 -0.200000
0.019520 -1.600000 -0.200000
0.019540 -1.400000 -0.200000
0.019560 -1.400000 -0.200000
0.019580 -1.200000 -0.200000
0.019600 -1.200000 -0.200000
0.019620 -1.000000 -0.200000
0.019640 -1.000000 -0.200000
0.019660 -0.800000 -0.200000
0.019680 -0.800000 -0.200000
0.019700 -0.800000 -0.200000
0.019720 -0.600000 -0.200000
0.019740 -0.600000 -0.200000
0.019760 -0.400000 -0.200000
0.019780 -0.400000 -0.200000
0.019800 -0.200000 -0.200000
0.019820 -0.200000 -0.200000
0.019840 0.000000 -0.200000
0.019860 0.000000 -0.200000
0.019880 0.000000 -0.200000
0.019900 0.200000 -0.200000
0.019920 0.200000 -0.200000
0.019940 0.400000 -0.200000
0.019960 0.400000 -0.200000
0.019980 0.600000 -0.200000
0.020000 0.600000 -0.200000
0.020020 0.600000 -0.200000
0.020040 0.800000 -0.200000
0.020060 0.800000 -0.200000
0.020080 0.800000 -0.200000
0.020100 1.000000 -0.200000
0.020120 1.000000 -0.200000
0.020140 1.200000 -0.200000
0.020160 1.200000 -0.200000
0.020180 1.200000 -0.200000
0.020200 1.400000 -0.200000
0.020220 1.400000 -0.200000
0.020240 1.400000 -0.200000
0.020260 1.600000 -0.200000
0.020280 1.600000 -0.200000
0.020300 1.600000 -0.200000
0.020320 1.600000 -0.200000
0.020340 1.600000 0.000000
0.020360 1.800000 0.000000
0.020380 1.800000 0.000000
0.020400 1.800000 0.000000
0.020420 1.800000 0.200000
0.020440 1.800000 0.200000
0.020460 1.800000 0.200000
0.020480 1.800000 0.400000
0.020500 1.800000 0.400000
0.020520 1.800000 0.400000
0.020540 1.800000 0.400000
0.020560 1.800000 0.600000
0.020580 1.800000 0.600000
0.020600 1.800000 0.600000
0.020620 1.800000 0.800000
0.020640 1.800000 0.800000
0.020660 1.800000 0.800000
0.020680 1.800000 1.000000
0.020700 1.800000 1.000000
0.020720 1.800000 1.000000
0.020740 1.800000 1.200000
0.020760 1.800000 1.200000
0.020780 1.800000 1.400000
0.020800 1.800000 1.400000
0.020820 1.800000 1.400000
0.020840 1.800000 1.600000
0.020860 1.800000 1.600000
0.020880 1.800000 1.600000
0.020900 1.800000 1.800000
0.020920 1.800000 1.800000
0.020940 1.800000 1.800000
0.020960 1.800000 2.000000
0.020980 1.800000 2.000000
0.021000 1.800000 2.200000
0.021020 1.800000 2.200000
0.021040 1.800000 2.200000
0.021060 1.800000 2.400000
0.021080 1.800000 2.400000
0.021100 1.800000 2.400000
0.021120 1.800000 2.600000
0.021140 1.800000 2.600000
0.021160 1.800000 2.800000
0.021180 1.800000 2.800000
0.021200 1.800000 3.000000
0.021220 1.800000 3.000000
0.021240 1.800000 3.000000
0.021260 1.800000 3.200000
0.021280 1.800000 3.200000
0.021300 1.800000 3.200000
0.021320 1.800000 3.200000
0.021340 1.800000 3.400000
0.021360 1.800000 3.400000
0.021380 1.800000 3.400000
0.021400 1.800000 3.600000
0.021420 1.800000 3.600000
0.021440 1.800000 3.600000
0.021460 1.800000 3.800000
0.021480 1.800000 3.800000
0.021500 1.800000 3.800000
0.021520 1.800000 4.000000
0.021540 1.800000 4.000000
0.021560 1.800000 4.000000
0.021580 1.800000 4.200000
0.021600 1.800000 4.200000
0.021620 1.800000 4.200000
0.021640 1.800000 4.400000
0.021660 2.000000 4.400000
0.021680 2.000000 4.600000
0.021700 1.800000 4.600000
0.021720 1.800000 4.600000
0.021740 1.800000 4.800000
0.021760 1.800000 4.800000
0.021780 2.000000 4.800000
0.021800 1.800000 5.000000
0.021820 1.800000 5.000000
0.021840 1.800000 5.000000
0.021860 2.000000 5.200000
0.021880 2.000000 5.200000
0.021900 2.000000 5.200000
0.021920 2.000000 5.200000
0.021940 2.000000 5.400000
0.021960 2.000000 5.400000
0.021980 2.000000 5.400000
0.022000 2.000000 5.600000
0.022020 2.000000 5.600000
0.022040 2.000000 5.600000
0.022060 2.000000 5.800000
0.022080 2.000000 5.800000
0.022100 2.000000 5.800000
0.022120 2.000000 6.000000
0.022140 2.000000 6.000000
0.022160 2.000000 6.000000
0.022180 2.000000 6.200000
0.022200 2.000000 6.200000
0.022220 2.000000 6.200000
0.022240 2.000000 6.400000
0.022260 2.000000 6.400000
0.022280 2.000000 6.400000
0.022300 2.000000 6.400000
0.022320 2.000000 6.600000
0.022340 2.000000 6.600000
0.022360 2.000000 6.600000
0.022380 2.000000 6.800000
0.022400 2.000000 6.800000
0.022420 2.000000 6.800000
0.022440 2.000000 6.800000
0.022460 2.000000 7.000000
0.022480 2.000000 7.000000
0.022500 2.000000 7.000000
0.022520 2.000000 7.000000
0.022540 2.000000 7.200000
0.022560 2.000000 7.200000
0.022580 2.000000 7.200000
0.022600 2.000000 7.200000
0.022620 2.000000 7.200000
0.022640 2.000000 7.400000
0.022660 2.000000 7.400000
0.022680 2.000000 7.400000
0.022700 2.000000 7.400000
0.022720 2.000000 7.600000
0.022740 2.000000 7.600000
0.022760 2.000000 7.600000
0.022780 2.000000 7.800000
0.022800 2.000000 7.800000
0.022820 2.000000 7.800000
0.022840 2.000000 8.000000
0.022860 2.000000 8.000000
0.022880 2.000000 8.000000
0.022900 2.000000 8.000000
0.022920 2.000000 8.000000
0.022940 2.000000 8.200000
0.022960 2.000000 8.200000
0.022980 2.000000 8.200000
0.023000 2.000000 8.200000
0.023020 2.000000 8.400000
0.023040 2.000000 8.400000
0.023060 2.000000 8.400000
0.023080 2.000000 8.400000
0.023100 2.000000 8.400000
0.023120 2.000000 8.400000
0.023140 2.000000 8.600000
0.023160 2.000000 8.600000
0.023180 2.000000 8.600000
0.023200 2.000000 8.600000
0.023220 2.000000 8.600000
0.023240 2.000000 8.600000
0.023260 2.000000 8.800000
0.023280 2.000000 8.800000
0.023300 2.000000 8.800000
0.023320 2.000000 8.800000
0.023340 2.000000 8.800000
0.023360 2.000000 8.800000
0.023380 2.000000 9.000000
