-0.025000 -3.200000 -9.400000
-0.024980 -3.200000 -9.400000
-0.024960 -3.200000 -9.400000
-0.024940 -3.200000 -9.400000
-0.024920 -3.200000 -9.400000
-0.024900 -3.200000 -9.400000
-0.024880 -3.200000 -9.400000
-0.024860 -3.200000 -9.400000
-0.024840 -3.200000 -9.400000
-0.024820 -3.200000 -9.400000
-0.024800 -3.200000 -9.400000
-0.024780 -3.200000 -9.400000
-0.024760 -3.200000 -9.400000
-0.024740 -3.200000 -9.400000
-0.024720 -3.200000 -9.400000
-0.024700 -3.200000 -9.400000
-0.024680 -3.200000 -9.400000
-0.024660 -3.200000 -9.400000
-0.024640 -3.200000 -9.400000
-0.024620 -3.200000 -9.400000
-0.024600 -3.200000 -9.400000
-0.024580 -3.200000 -9.400000
-0.024560 -3.200000 -9.400000
-0.024540 -3.200000 -9.400000
-0.024520 -3.200000 -9.400000
-0.024500 -3.200000 -9.400000
-0.024480 -3.200000 -9.600000
-0.024460 -3.200000 -9.400000
-0.024440 -3.200000 -9.400000
-0.024420 -3.200000 -9.400000
-0.024400 -3.200000 -9.400000
-0.024380 -3.200000 -9.400000
-0.024360 -3.200000 -9.400000
-0.024340 -3.200000 -9.400000
-0.024320 -3.200000 -9.400000
-0.024300 -3.200000 -9.400000
-0.024280 -3.200000 -9.400000
-0.024260 -3.200000 -9.400000
-0.024240 -3.200000 -9.400000
-0.024220 -3.200000 -9.600000
-0.024200 -3.200000 -9.400000
-0.024180 -3.200000 -9.400000
-0.024160 -3.200000 -9.400000
-0.024140 -3.200000 -9.400000
-0.024120 -3.200000 -9.400000
-0.024100 -3.200000 -9.400000
-0.024080 -3.200000 -9.400000
-0.024060 -3.200000 -9.400000
-0.024040 -3.200000 -9.400000
-0.024020 -3.200000 -9.400000
-0.024000 -3.200000 -9.400000
-0.023980 -3.200000 -9.400000
-0.023960 -3.200000 -9.400000
-0.023940 -3.200000 -9.400000
-0.023920 -3.200000 -9.400000
-0.023900 -3.200000 -9.400000
-0.023880 -3.200000 -9.400000
-0.023860 -3.200000 -9.400000
-0.023840 -3.200000 -9.400000
-0.023820 -3.200000 -9.400000
-0.023800 -3.200000 -9.400000
-0.023780 -3.200000 -9.400000
-0.023760 -3.200000 -9.400000
-0.023740 -3.200000 -9.400000
-0.023720 -3.200000 -9.400000
-0.023700 -3.200000 -9.400000
-0.023680 -3.200000 -9.400000
-0.023660 -3.200000 -9.400000
-0.023640 -3.200000 -9.400000
-0.023620 -3.200000 -9.400000
-0.023600 -3.200000 -9.400000
-0.023580 -3.200000 -9.400000
-0.023560 -3.200000 -9.400000
-0.023540 -3.200000 -9.400000
-0.023520 -3.200000 -9.400000
-0.023500 -3.200000 -9.400000
-0.023480 -3.200000 -9.200000
-0.023460 -3.200000 -9.200000
-0.023440 -3.200000 -9.200000
-0.023420 -3.200000 -9.200000
-0.023400 -3.200000 -9.200000
-0.023380 -3.200000 -9.000000
-0.023360 -3.200000 -9.000000
-0.023340 -3.200000 -9.000000
-0.023320 -3.200000 -8.800000
-0.023300 -3.200000 -8.800000
-0.023280 -3.200000 -8.800000
-0.023260 -3.200000 -8.800000
-0.023240 -3.200000 -8.600000
-0.023220 -3.200000 -8.600000
-0.023200 -3.200000 -8.600000
-0.023180 -3.200000 -8.400000
-0.023160 -3.200000 -8.400000
-0.023140 -3.200000 -8.400000
-0.023120 -3.000000 -8.200000
-0.023100 -3.200000 -8.200000
-0.023080 -3.000000 -8.000000
-0.023060 -3.000000 -8.000000
-0.023040 -3.000000 -8.000000
-0.023020 -3.000000 -7.800000
-0.023000 -3.000000 -7.800000
-0.022980 -3.000000 -7.600000
-0.022960 -3.000000 -7.600000
-0.022940 -3.000000 -7.600000
-0.022920 -3.000000 -7.400000
-0.022900 -3.000000 -7.400000
-0.022880 -3.000000 -7.400000
-0.022860 -3.000000 -7.400000
-0.022840 -3.000000 -7.200000
-0.022820 -3.000000 -7.200000
-0.022800 -3.000000 -7.200000
-0.022780 -3.000000 -7.000000
-0.022760 -3.000000 -7.000000
-0.022740 -3.000000 -7.000000
-0.022720 -3.000000 -7.000000
-0.022700 -3.000000 -7.000000
-0.022680 -3.000000 -6.800000
-0.022660 -3.000000 -6.800000
-0.022640 -3.000000 -6.800000
-0.022620 -3.000000 -6.800000
-0.022600 -3.000000 -6.600000
-0.022580 -3.000000 -6.600000
-0.022560 -3.000000 -6.600000
-0.022540 -3.000000 -6.600000
-0.022520 -3.000000 -6.400000
-0.022500 -3.000000 -6.400000
-0.022480 -3.000000 -6.400000
-0.022460 -3.000000 -6.400000
-0.022440 -3.000000 -6.400000
-0.022420 -3.000000 -6.200000
-0.022400 -3.000000 -6.200000
-0.022380 -3.000000 -6.200000
-0.022360 -3.000000 -6.200000
-0.022340 -3.000000 -6.000000
-0.022320 -3.000000 -6.000000
-0.022300 -3.000000 -6.000000
-0.022280 -3.000000 -6.000000
-0.022260 -3.000000 -5.800000
-0.022240 -3.000000 -5.800000
-0.022220 -3.000000 -5.800000
-0.022200 -3.000000 -5.800000
-0.022180 -3.000000 -5.600000
-0.022160 -3.000000 -5.600000
-0.022140 -3.000000 -5.600000
-0.022120 -3.000000 -5.400000
-0.022100 -3.000000 -5.400000
-0.022080 -3.000000 -5.400000
-0.022060 -3.000000 -5.200000
-0.022040 -3.000000 -5.200000
-0.022020 -3.000000 -5.000000
-0.022000 -3.000000 -5.000000
-0.021980 -2.800000 -5.000000
-0.021960 -2.800000 -4.800000
-0.021940 -2.800000 -4.800000
-0.021920 -2.800000 -4.800000
-0.021900 -2.800000 -4.600000
-0.021880 -2.800000 -4.600000
-0.021860 -2.800000 -4.600000
-0.021840 -2.800000 -4.400000
-0.021820 -2.800000 -4.400000
-0.021800 -2.800000 -4.200000
-0.021780 -2.800000 -4.200000
-0.021760 -2.800000 -4.200000
-0.021740 -2.800000 -4.000000
-0.021720 -2.800000 -4.000000
-0.021700 -2.800000 -3.800000
-0.021680 -2.800000 -3.800000
-0.021660 -2.800000 -3.800000
-0.021640 -2.800000 -3.600000
-0.021620 -2.800000 -3.400000
-0.021600 -2.800000 -3.400000
-0.021580 -2.800000 -3.400000
-0.021560 -2.800000 -3.200000
-0.021540 -2.800000 -3.200000
-0.021520 -2.800000 -3.000000
-0.021500 -2.800000 -3.000000
-0.021480 -2.800000 -3.000000
-0.021460 -2.800000 -2.800000
-0.021440 -2.600000 -2.800000
-0.021420 -2.600000 -2.800000
-0.021400 -2.600000 -2.600000
-0.021380 -2.600000 -2.600000
-0.021360 -2.600000 -2.600000
-0.021340 -2.600000 -2.400000
-0.021320 -2.600000 -2.400000
-0.021300 -2.600000 -2.400000
-0.021280 -2.600000 -2.200000
-0.021260 -2.600000 -2.200000
-0.021240 -2.600000 -2.000000
-0.021220 -2.600000 -2.000000
-0.021200 -2.600000 -2.000000
-0.021180 -2.600000 -1.800000
-0.021160 -2.600000 -1.800000
-0.021140 -2.600000 -1.600000
-0.021120 -2.600000 -1.600000
-0.021100 -2.400000 -1.600000
-0.021080 -2.400000 -1.600000
-0.021060 -2.400000 -1.400000
-0.021040 -2.400000 -1.400000
-0.021020 -2.400000 -1.400000
-0.021000 -2.400000 -1.200000
-0.020980 -2.400000 -1.200000
-0.020960 -2.400000 -1.200000
-0.020940 -2.400000 -1.000000
-0.020920 -2.400000 -1.000000
-0.020900 -2.400000 -1.000000
-0.020880 -2.200000 -1.000000
-0.020860 -2.200000 -0.800000
-0.020840 -2.200000 -0.800000
-0.020820 -2.200000 -0.800000
-0.020800 -2.200000 -0.800000
-0.020780 -2.200000 -0.800000
-0.020760 -2.200000 -0.600000
-0.020740 -2.000000 -0.600000
-0.020720 -2.000000 -0.600000
-0.020700 -2.000000 -0.600000
-0.020680 -1.800000 -0.400000
-0.020660 -1.800000 -0.400000
-0.020640 -1.800000 -0.400000
-0.020620 -1.800000 -0.400000
-0.020600 -1.600000 -0.400000
-0.020580 -1.600000 -0.200000
-0.020560 -1.600000 -0.200000
-0.020540 -1.400000 -0.200000
-0.020520 -1.400000 -0.200000
-0.020500 -1.200000 -0.200000
-0.020480 -1.200000 -0.200000
-0.020460 -1.000000 -0.200000
-0.020440 -1.000000 -0.200000
-0.020420 -1.000000 -0.200000
-0.020400 -0.800000 -0.200000
-0.020380 -0.800000 -0.200000
-0.020360 -0.600000 -0.200000
-0.020340 -0.600000 -0.200000
-0.020320 -0.400000 -0.200000
-0.020300 -0.400000 -0.200000
-0.020280 -0.200000 -0.200000
-0.020260 -0.200000 -0.200000
-0.020240 0.000000 -0.200000
-0.020220 0.000000 -0.200000
-0.020200 0.200000 -0.200000
-0.020180 0.200000 -0.200000
-0.020160 0.200000 -0.200000
-0.020140 0.400000 -0.200000
-0.020120 0.400000 -0.200000
-0.020100 0.400000 -0.200000
-0.020080 0.600000 -0.200000
-0.020060 0.600000 -0.200000
-0.020040 0.600000 -0.200000
-0.020020 0.600000 0.000000
-0.020000 0.600000 0.000000
-0.019980 0.600000 0.000000
-0.019960 0.600000 0.200000
-0.019940 0.600000 0.200000
-0.019920 0.600000 0.200000
-0.019900 0.600000 0.400000
-0.019880 0.600000 0.400000
-0.019860 0.600000 0.400000
-0.019840 0.600000 0.600000
-0.019820 0.800000 0.600000
-0.019800 0.800000 0.600000
-0.019780 0.800000 0.800000
-0.019760 0.800000 0.800000
-0.019740 0.800000 1.000000
-0.019720 0.800000 1.000000
-0.019700 0.800000 1.000000
-0.019680 0.800000 1.200000
-0.019660 0.800000 1.200000
-0.019640 0.800000 1.400000
-0.019620 0.800000 1.400000
-0.019600 0.800000 1.400000
-0.019580 0.800000 1.600000
-0.019560 0.800000 1.600000
-0.019540 0.800000 1.600000
-0.019520 0.800000 1.800000
-0.019500 0.800000 1.800000
-0.019480 0.800000 1.800000
-0.019460 0.800000 2.000000
-0.019440 0.800000 2.000000
-0.019420 0.800000 2.000000
-0.019400 0.800000 2.200000
-0.019380 0.800000 2.200000
-0.019360 0.800000 2.200000
-0.019340 0.800000 2.200000
-0.019320 0.800000 2.400000
-0.019300 0.800000 2.400000
-0.019280 0.800000 2.400000
-0.019260 0.800000 2.600000
-0.019240 0.800000 2.600000
-0.019220 0.800000 2.800000
-0.019200 0.800000 2.800000
-0.019180 0.800000 2.800000
-0.019160 0.800000 3.000000
-0.019140 0.800000 3.000000
-0.019120 0.800000 3.200000
-0.019100 0.800000 3.200000
-0.019080 0.800000 3.200000
-0.019060 0.800000 3.200000
-0.019040 0.800000 3.400000
-0.019020 0.800000 3.400000
-0.019000 0.800000 3.400000
-0.018980 0.800000 3.600000
-0.018960 0.800000 3.600000
-0.018940 0.800000 3.800000
-0.018920 0.800000 3.800000
-0.018900 0.800000 3.800000
-0.018880 0.800000 4.000000
-0.018860 0.800000 4.000000
-0.018840 0.800000 4.000000
-0.018820 0.800000 4.200000
-0.018800 0.800000 4.200000
-0.018780 0.800000 4.200000
-0.018760 0.800000 4.400000
-0.018740 0.800000 4.400000
-0.018720 0.800000 4.600000
-0.018700 0.800000 4.600000
-0.018680 0.800000 4.600000
-0.018660 0.800000 4.800000
-0.018640 0.800000 4.800000
-0.018620 0.800000 5.000000
-0.018600 0.800000 5.000000
-0.018580 0.800000 5.000000
-0.018560 0.800000 5.000000
-0.018540 0.800000 5.200000
-0.018520 0.800000 5.200000
-0.018500 0.800000 5.200000
-0.018480 0.800000 5.400000
-0.018460 0.800000 5.400000
-0.018440 0.800000 5.400000
-0.018420 0.800000 5.600000
-0.018400 0.800000 5.600000
-0.018380 0.800000 5.600000
-0.018360 0.800000 5.800000
-0.018340 0.800000 5.800000
-0.018320 0.800000 5.800000
-0.018300 0.800000 6.000000
-0.018280 0.800000 6.000000
-0.018260 0.800000 6.200000
-0.018240 0.800000 6.200000
-0.018220 0.800000 6.200000
-0.018200 0.800000 6.400000
-0.018180 0.800000 6.400000
-0.018160 0.800000 6.400000
-0.018140 0.800000 6.600000
-0.018120 0.800000 6.600000
-0.018100 0.800000 6.600000
-0.018080 0.800000 6.800000
-0.018060 0.800000 6.800000
-0.018040 0.800000 6.800000
-0.018020 0.800000 7.000000
-0.018000 0.800000 7.000000
-0.017980 0.800000 7.000000
-0.017960 0.800000 7.000000
-0.017940 0.800000 7.200000
-0.017920 0.800000 7.200000
-0.017900 0.800000 7.200000
-0.017880 0.800000 7.200000
-0.017860 0.800000 7.400000
-0.017840 0.800000 7.400000
-0.017820 0.800000 7.400000
-0.017800 0.800000 7.400000
-0.017780 0.800000 7.600000
-0.017760 0.800000 7.600000
-0.017740 0.800000 7.800000
-0.017720 0.800000 7.800000
-0.017700 0.800000 7.800000
-0.017680 0.800000 7.800000
-0.017660 0.800000 8.000000
-0.017640 0.800000 8.000000
-0.017620 0.800000 8.000000
-0.017600 0.800000 8.200000
-0.017580 0.800000 8.200000
-0.017560 0.800000 8.200000
-0.017540 0.800000 8.200000
-0.017520 0.800000 8.400000
-0.017500 0.800000 8.400000
-0.017480 0.800000 8.400000
-0.017460 0.800000 8.400000
-0.017440 0.800000 8.600000
-0.017420 0.800000 8.600000
-0.017400 0.800000 8.600000
-0.017380 0.800000 8.800000
-0.017360 0.800000 8.800000
-0.017340 0.800000 8.800000
-0.017320 0.800000 8.800000
-0.017300 0.800000 8.800000
-0.017280 0.800000 9.000000
-0.017260 0.800000 9.000000
-0.017240 0.800000 9.000000
-0.017220 0.800000 9.000000
-0.017200 0.800000 9.200000
-0.017180 0.800000 9.200000
-0.017160 0.800000 9.200000
-0.017140 0.800000 9.400000
-0.017120 0.800000 9.400000
-0.017100 0.800000 9.400000
-0.017080 0.800000 9.400000
-0.017060 0.800000 9.400000
-0.017040 0.800000 9.600000
-0.017020 0.800000 9.600000
-0.017000 0.800000 9.600000
-0.016980 0.800000 9.600000
-0.016960 0.800000 9.600000
-0.016940 0.800000 9.800000
-0.016920 0.800000 9.800000
-0.016900 0.800000 9.800000
-0.016880 0.800000 9.800000
-0.016860 0.800000 9.800000
-0.016840 0.800000 9.800000
-0.016820 0.800000 10.000000
-0.016800 0.800000 10.000000
-0.016780 0.800000 10.000000
-0.016760 0.800000 10.000000
-0.016740 0.800000 10.000000
-0.016720 0.800000 10.000000
-0.016700 0.800000 10.000000
-0.016680 0.800000 10.200000
-0.016660 0.800000 10.200000
-0.016640 0.800000 10.200000
-0.016620 0.800000 10.200000
-0.016600 0.800000 10.200000
-0.016580 0.800000 10.400000
-0.016560 0.800000 10.400000
-0.016540 0.800000 10.400000
-0.016520 0.800000 10.400000
-0.016500 0.800000 10.400000
-0.016480 0.800000 10.600000
-0.016460 0.800000 10.600000
-0.016440 0.800000 10.600000
-0.016420 0.800000 10.600000
-0.016400 0.800000 10.600000
-0.016380 0.800000 10.800000
-0.016360 0.800000 10.800000
-0.016340 0.800000 10.800000
-0.016320 0.800000 10.800000
-0.016300 0.800000 11.000000
-0.016280 0.800000 11.000000
-0.016260 0.800000 11.000000
-0.016240 0.800000 11.000000
-0.016220 0.800000 11.200000
-0.016200 0.800000 11.200000
-0.016180 0.800000 11.200000
-0.016160 0.800000 11.200000
-0.016140 0.800000 11.200000
-0.016120 0.800000 11.200000
-0.016100 0.800000 11.200000
-0.016080 0.800000 11.200000
-0.016060 0.800000 11.200000
-0.016040 0.800000 11.200000
-0.016020 0.800000 11.200000
-0.016000 0.800000 11.200000
-0.015980 0.800000 11.200000
-0.015960 0.800000 11.200000
-0.015940 0.800000 11.200000
-0.015920 0.800000 11.200000
-0.015900 0.800000 11.200000
-0.015880 0.800000 11.400000
-0.015860 0.800000 11.400000
-0.015840 0.800000 11.400000
-0.015820 0.800000 11.400000
-0.015800 0.800000 11.400000
-0.015780 0.800000 11.400000
-0.015760 0.800000 11.400000
-0.015740 0.800000 11.400000
-0.015720 0.800000 11.400000
-0.015700 0.800000 11.400000
-0.015680 0.800000 11.400000
-0.015660 0.800000 11.400000
-0.015640 0.800000 11.400000
-0.015620 0.800000 11.400000
-0.015600 0.800000 11.400000
-0.015580 0.800000 11.400000
-0.015560 0.800000 11.400000
-0.015540 0.800000 11.400000
-0.015520 0.800000 11.400000
-0.015500 0.800000 11.400000
-0.015480 0.800000 11.400000
-0.015460 0.800000 11.400000
-0.015440 0.800000 11.400000
-0.015420 0.800000 11.400000
-0.015400 0.800000 11.400000
-0.015380 0.800000 11.400000
-0.015360 0.800000 11.400000
-0.015340 0.800000 11.400000
-0.015320 0.800000 11.400000
-0.015300 0.800000 11.400000
-0.015280 0.800000 11.400000
-0.015260 0.800000 11.400000
-0.015240 0.800000 11.400000
-0.015220 0.800000 11.400000
-0.015200 0.800000 11.400000
-0.015180 0.800000 11.400000
-0.015160 0.800000 11.400000
-0.015140 0.800000 11.400000
-0.015120 0.800000 11.400000
-0.015100 0.800000 11.400000
-0.015080 0.800000 11.400000
-0.015060 0.800000 11.400000
-0.015040 0.800000 11.400000
-0.015020 0.800000 11.400000
-0.015000 0.800000 11.400000
-0.014980 0.800000 11.400000
-0.014960 0.800000 11.400000
-0.014940 0.800000 11.400000
-0.014920 0.800000 11.400000
-0.014900 0.800000 11.400000
-0.014880 0.800000 11.400000
-0.014860 0.800000 11.400000
-0.014840 0.800000 11.400000
-0.014820 0.800000 11.400000
-0.014800 0.800000 11.400000
-0.014780 0.800000 11.400000
-0.014760 0.800000 11.400000
-0.014740 0.800000 11.400000
-0.014720 0.800000 11.400000
-0.014700 0.800000 11.400000
-0.014680 0.800000 11.400000
-0.014660 0.800000 11.400000
-0.014640 0.800000 11.400000
-0.014620 0.800000 11.400000
-0.014600 0.800000 11.400000
-0.014580 0.800000 11.400000
-0.014560 0.800000 11.400000
-0.014540 0.800000 11.400000
-0.014520 0.800000 11.400000
-0.014500 0.800000 11.400000
-0.014480 0.800000 11.400000
-0.014460 0.800000 11.400000
-0.014440 0.800000 11.400000
-0.014420 0.800000 11.400000
-0.014400 0.800000 11.400000
-0.014380 0.800000 11.400000
-0.014360 0.800000 11.400000
-0.014340 0.800000 11.400000
-0.014320 0.800000 11.400000
-0.014300 0.800000 11.400000
-0.014280 0.800000 11.400000
-0.014260 0.800000 11.400000
-0.014240 0.800000 11.400000
-0.014220 0.800000 11.400000
-0.014200 0.800000 11.400000
-0.014180 0.800000 11.400000
-0.014160 0.800000 11.400000
-0.014140 0.800000 11.400000
-0.014120 0.800000 11.400000
-0.014100 0.800000 11.400000
-0.014080 0.800000 11.400000
-0.014060 0.800000 11.400000
-0.014040 0.800000 11.400000
-0.014020 0.800000 11.400000
-0.014000 0.800000 11.400000
-0.013980 0.800000 11.400000
-0.013960 0.800000 11.400000
-0.013940 0.800000 11.400000
-0.013920 0.800000 11.400000
-0.013900 0.800000 11.400000
-0.013880 0.800000 11.400000
-0.013860 0.800000 11.400000
-0.013840 0.800000 11.400000
-0.013820 0.800000 11.400000
-0.013800 0.800000 11.400000
-0.013780 0.800000 11.400000
-0.013760 0.800000 11.400000
-0.013740 0.800000 11.400000
-0.013720 0.800000 11.400000
-0.013700 0.800000 11.400000
-0.013680 0.800000 11.400000
-0.013660 0.800000 11.400000
-0.013640 0.800000 11.400000
-0.013620 0.800000 11.400000
-0.013600 0.800000 11.400000
-0.013580 0.800000 11.400000
-0.013560 0.800000 11.400000
-0.013540 0.800000 11.400000
-0.013520 0.800000 11.400000
-0.013500 0.800000 11.200000
-0.013480 0.800000 11.200000
-0.013460 0.800000 11.200000
-0.013440 0.800000 11.200000
-0.013420 0.800000 11.200000
-0.013400 0.800000 11.000000
-0.013380 0.800000 11.000000
-0.013360 0.800000 11.000000
-0.013340 0.800000 10.800000
-0.013320 0.800000 10.800000
-0.013300 0.800000 10.600000
-0.013280 0.800000 10.600000
-0.013260 0.800000 10.600000
-0.013240 0.800000 10.400000
-0.013220 0.800000 10.400000
-0.013200 0.800000 10.400000
-0.013180 0.800000 10.200000
-0.013160 0.800000 10.200000
-0.013140 0.800000 10.200000
-0.013120 0.800000 10.000000
-0.013100 0.800000 10.000000
-0.013080 0.800000 10.000000
-0.013060 0.800000 9.800000
-0.013040 0.800000 9.800000
-0.013020 0.800000 9.600000
-0.013000 0.800000 9.600000
-0.012980 0.800000 9.600000
-0.012960 0.800000 9.400000
-0.012940 0.800000 9.400000
-0.012920 0.800000 9.400000
-0.012900 0.800000 9.200000
-0.012880 0.800000 9.200000
-0.012860 0.800000 9.200000
-0.012840 0.800000 9.000000
-0.012820 0.800000 9.000000
-0.012800 0.800000 9.000000
-0.012780 0.800000 8.800000
-0.012760 0.800000 8.800000
-0.012740 0.800000 8.800000
-0.012720 0.800000 8.800000
-0.012700 0.800000 8.600000
-0.012680 0.800000 8.600000
-0.012660 0.800000 8.600000
-0.012640 0.800000 8.600000
-0.012620 0.800000 8.400000
-0.012600 0.800000 8.400000
-0.012580 0.800000 8.400000
-0.012560 0.800000 8.400000
-0.012540 0.800000 8.400000
-0.012520 0.800000 8.200000
-0.012500 0.800000 8.200000
-0.012480 0.800000 8.200000
-0.012460 0.800000 8.200000
-0.012440 0.800000 8.000000
-0.012420 0.800000 8.000000
-0.012400 0.800000 8.000000
-0.012380 0.800000 8.000000
-0.012360 0.800000 7.800000
-0.012340 0.800000 7.800000
-0.012320 0.800000 7.800000
-0.012300 0.800000 7.800000
-0.012280 0.800000 7.600000
-0.012260 0.800000 7.600000
-0.012240 0.800000 7.600000
-0.012220 0.800000 7.400000
-0.012200 0.800000 7.400000
-0.012180 0.800000 7.400000
-0.012160 0.800000 7.200000
-0.012140 0.800000 7.200000
-0.012120 0.800000 7.200000
-0.012100 0.800000 7.200000
-0.012080 0.800000 7.000000
-0.012060 0.800000 7.000000
-0.012040 0.800000 7.000000
-0.012020 0.800000 6.800000
-0.012000 0.800000 6.800000
-0.011980 0.800000 6.600000
-0.011960 0.800000 6.600000
-0.011940 0.800000 6.600000
-0.011920 0.800000 6.400000
-0.011900 0.800000 6.400000
-0.011880 0.800000 6.200000
-0.011860 0.800000 6.200000
-0.011840 0.800000 6.000000
-0.011820 0.800000 6.000000
-0.011800 0.800000 5.800000
-0.011780 0.800000 5.800000
-0.011760 0.800000 5.600000
-0.011740 0.800000 5.600000
-0.011720 0.800000 5.400000
-0.011700 0.800000 5.400000
-0.011680 0.800000 5.400000
-0.011660 0.800000 5.200000
-0.011640 0.800000 5.200000
-0.011620 0.800000 5.200000
-0.011600 0.800000 5.000000
-0.011580 0.800000 5.000000
-0.011560 0.800000 4.800000
-0.011540 0.800000 4.800000
-0.011520 0.800000 4.600000
-0.011500 0.800000 4.600000
-0.011480 0.800000 4.400000
-0.011460 0.800000 4.400000
-0.011440 0.800000 4.200000
-0.011420 0.800000 4.200000
-0.011400 0.800000 4.000000
-0.011380 0.800000 4.000000
-0.011360 0.800000 4.000000
-0.011340 0.800000 3.800000
-0.011320 0.800000 3.800000
-0.011300 0.800000 3.600000
-0.011280 0.800000 3.600000
-0.011260 0.800000 3.600000
-0.011240 0.800000 3.400000
-0.011220 0.800000 3.400000
-0.011200 0.800000 3.200000
-0.011180 0.800000 3.200000
-0.011160 0.800000 3.200000
-0.011140 0.800000 3.000000
-0.011120 0.800000 3.000000
-0.011100 0.800000 3.000000
-0.011080 0.800000 2.800000
-0.011060 0.800000 2.800000
-0.011040 0.800000 2.600000
-0.011020 0.800000 2.600000
-0.011000 0.800000 2.400000
-0.010980 0.800000 2.400000
-0.010960 0.800000 2.400000
-0.010940 0.800000 2.200000
-0.010920 0.800000 2.200000
-0.010900 0.800000 2.000000
-0.010880 0.800000 2.000000
-0.010860 0.800000 2.000000
-0.010840 0.800000 1.800000
-0.010820 0.800000 1.800000
-0.010800 0.800000 1.800000
-0.010780 0.800000 1.600000
-0.010760 0.800000 1.600000
-0.010740 0.800000 1.400000
-0.010720 0.800000 1.400000
-0.010700 0.800000 1.200000
-0.010680 0.800000 1.200000
-0.010660 0.800000 1.000000
-0.010640 0.800000 1.000000
-0.010620 0.600000 0.800000
-0.010600 0.600000 0.800000
-0.010580 0.600000 0.800000
-0.010560 0.800000 0.600000
-0.010540 0.600000 0.600000
-0.010520 0.600000 0.400000
-0.010500 0.600000 0.400000
-0.010480 0.600000 0.400000
-0.010460 0.600000 0.200000
-0.010440 0.600000 0.200000
-0.010420 0.600000 0.000000
-0.010400 0.600000 0.000000
-0.010380 0.600000 0.000000
-0.010360 0.600000 -0.200000
-0.010340 0.600000 -0.200000
-0.010320 0.400000 -0.200000
-0.010300 0.400000 -0.200000
-0.010280 0.400000 -0.200000
-0.010260 0.200000 -0.200000
-0.010240 0.200000 -0.200000
-0.010220 0.000000 -0.200000
-0.010200 0.000000 -0.200000
-0.010180 -0.200000 -0.200000
-0.010160 -0.200000 -0.200000
-0.010140 -0.400000 -0.200000
-0.010120 -0.400000 -0.200000
-0.010100 -0.400000 -0.200000
-0.010080 -0.600000 -0.200000
-0.010060 -0.600000 -0.200000
-0.010040 -0.600000 -0.200000
-0.010020 -0.800000 -0.200000
-0.010000 -0.800000 -0.200000
-0.009980 -1.000000 -0.200000
-0.009960 -1.000000 -0.200000
-0.009940 -1.000000 -0.200000
-0.009920 -1.200000 -0.200000
-0.009900 -1.200000 -0.200000
-0.009880 -1.200000 -0.200000
-0.009860 -1.400000 -0.200000
-0.009840 -1.400000 -0.200000
-0.009820 -1.400000 -0.200000
-0.009800 -1.600000 -0.200000
-0.009780 -1.600000 -0.200000
-0.009760 -1.600000 -0.200000
-0.009740 -1.800000 -0.400000
-0.009720 -1.800000 -0.400000
-0.009700 -1.800000 -0.400000
-0.009680 -2.000000 -0.400000
-0.009660 -2.000000 -0.600000
-0.009640 -2.000000 -0.600000
-0.009620 -2.000000 -0.600000
-0.009600 -2.000000 -0.600000
-0.009580 -2.200000 -0.600000
-0.009560 -2.200000 -0.600000
-0.009540 -2.200000 -0.800000
-0.009520 -2.200000 -0.800000
-0.009500 -2.200000 -0.800000
-0.009480 -2.200000 -0.800000
-0.009460 -2.200000 -0.800000
-0.009440 -2.200000 -0.800000
-0.009420 -2.200000 -1.000000
-0.009400 -2.200000 -1.000000
-0.009380 -2.400000 -1.000000
-0.009360 -2.400000 -1.000000
-0.009340 -2.400000 -1.200000
-0.009320 -2.400000 -1.200000
-0.009300 -2.400000 -1.200000
-0.009280 -2.400000 -1.200000
-0.009260 -2.400000 -1.400000
-0.009240 -2.400000 -1.400000
-0.009220 -2.400000 -1.400000
-0.009200 -2.400000 -1.400000
-0.009180 -2.400000 -1.600000
-0.009160 -2.400000 -1.600000
-0.009140 -2.600000 -1.600000
-0.009120 -2.600000 -1.800000
-0.009100 -2.600000 -1.800000
-0.009080 -2.600000 -1.800000
-0.009060 -2.600000 -2.000000
-0.009040 -2.600000 -2.000000
-0.009020 -2.600000 -2.000000
-0.009000 -2.600000 -2.200000
-0.008980 -2.600000 -2.200000
-0.008960 -2.600000 -2.200000
-0.008940 -2.600000 -2.400000
-0.008920 -2.600000 -2.400000
-0.008900 -2.600000 -2.400000
-0.008880 -2.600000 -2.600000
-0.008860 -2.600000 -2.600000
-0.008840 -2.600000 -2.600000
-0.008820 -2.600000 -2.800000
-0.008800 -2.600000 -2.800000
-0.008780 -2.600000 -2.800000
-0.008760 -2.800000 -2.800000
-0.008740 -2.800000 -3.000000
-0.008720 -2.800000 -3.000000
-0.008700 -2.800000 -3.000000
-0.008680 -2.800000 -3.000000
-0.008660 -2.800000 -3.200000
-0.008640 -2.800000 -3.200000
-0.008620 -2.800000 -3.200000
-0.008600 -2.800000 -3.400000
-0.008580 -2.800000 -3.400000
-0.008560 -2.800000 -3.600000
-0.008540 -2.800000 -3.600000
-0.008520 -2.800000 -3.600000
-0.008500 -2.800000 -3.800000
-0.008480 -2.800000 -3.800000
-0.008460 -2.800000 -3.800000
-0.008440 -2.800000 -4.000000
-0.008420 -2.800000 -4.000000
-0.008400 -2.800000 -4.000000
-0.008380 -2.800000 -4.200000
-0.008360 -2.800000 -4.200000
-0.008340 -2.800000 -4.200000
-0.008320 -2.800000 -4.400000
-0.008300 -2.800000 -4.400000
-0.008280 -2.800000 -4.400000
-0.008260 -2.800000 -4.400000
-0.008240 -2.800000 -4.600000
-0.008220 -2.800000 -4.600000
-0.008200 -2.800000 -4.600000
-0.008180 -2.800000 -4.800000
-0.008160 -2.800000 -4.800000
-0.008140 -2.800000 -4.800000
-0.008120 -2.800000 -4.800000
-0.008100 -2.800000 -5.000000
-0.008080 -3.000000 -5.000000
-0.008060 -3.000000 -5.000000
-0.008040 -3.000000 -5.000000
-0.008020 -3.000000 -5.200000
-0.008000 -3.000000 -5.200000
-0.007980 -3.000000 -5.200000
-0.007960 -3.000000 -5.400000
-0.007940 -3.000000 -5.400000
-0.007920 -3.000000 -5.400000
-0.007900 -3.000000 -5.600000
-0.007880 -3.000000 -5.600000
-0.007860 -3.000000 -5.600000
-0.007840 -3.000000 -5.800000
-0.007820 -3.000000 -5.800000
-0.007800 -3.000000 -5.800000
-0.007780 -3.000000 -5.800000
-0.007760 -3.000000 -6.000000
-0.007740 -3.000000 -6.000000
-0.007720 -3.000000 -6.000000
-0.007700 -3.000000 -6.000000
-0.007680 -3.000000 -6.200000
-0.007660 -3.000000 -6.200000
-0.007640 -3.000000 -6.200000
-0.007620 -3.000000 -6.200000
-0.007600 -3.000000 -6.400000
-0.007580 -3.000000 -6.400000
-0.007560 -3.000000 -6.400000
-0.007540 -3.000000 -6.600000
-0.007520 -3.000000 -6.600000
-0.007500 -3.000000 -6.600000
-0.007480 -3.000000 -6.600000
-0.007460 -3.000000 -6.800000
-0.007440 -3.000000 -6.800000
-0.007420 -3.000000 -6.800000
-0.007400 -3.000000 -6.800000
-0.007380 -3.000000 -7.000000
-0.007360 -3.000000 -7.000000
-0.007340 -3.000000 -7.000000
-0.007320 -3.000000 -7.000000
-0.007300 -3.000000 -7.200000
-0.007280 -3.000000 -7.200000
-0.007260 -3.000000 -7.200000
-0.007240 -3.000000 -7.200000
-0.007220 -3.000000 -7.200000
-0.007200 -3.000000 -7.400000
-0.007180 -3.000000 -7.400000
-0.007160 -3.000000 -7.400000
-0.007140 -3.000000 -7.400000
-0.007120 -3.000000 -7.600000
-0.007100 -3.000000 -7.600000
-0.007080 -3.000000 -7.600000
-0.007060 -3.000000 -7.600000
-0.007040 -3.000000 -7.600000
-0.007020 -3.000000 -7.800000
-0.007000 -3.000000 -7.800000
-0.006980 -3.000000 -7.800000
-0.006960 -3.000000 -7.800000
-0.006940 -3.000000 -7.800000
-0.006920 -3.000000 -7.800000
-0.006900 -3.000000 -8.000000
-0.006880 -3.000000 -8.000000
-0.006860 -3.000000 -8.000000
-0.006840 -3.000000 -8.000000
-0.006820 -3.000000 -8.000000
-0.006800 -3.200000 -8.000000
-0.006780 -3.200000 -8.000000
-0.006760 -3.000000 -8.200000
-0.006740 -3.200000 -8.200000
-0.006720 -3.200000 -8.200000
-0.006700 -3.000000 -8.200000
-0.006680 -3.000000 -8.200000
-0.006660 -3.200000 -8.400000
-0.006640 -3.200000 -8.400000
-0.006620 -3.200000 -8.400000
-0.006600 -3.200000 -8.400000
-0.006580 -3.200000 -8.600000
-0.006560 -3.200000 -8.600000
-0.006540 -3.200000 -8.600000
-0.006520 -3.200000 -8.600000
-0.006500 -3.200000 -8.600000
-0.006480 -3.200000 -8.800000
-0.006460 -3.200000 -8.800000
-0.006440 -3.200000 -8.800000
-0.006420 -3.200000 -8.800000
-0.006400 -3.200000 -8.800000
-0.006380 -3.200000 -8.800000
-0.006360 -3.200000 -9.000000
-0.006340 -3.200000 -9.000000
-0.006320 -3.200000 -9.000000
-0.006300 -3.200000 -9.000000
-0.006280 -3.200000 -9.000000
-0.006260 -3.200000 -9.000000
-0.006240 -3.200000 -9.000000
-0.006220 -3.200000 -9.200000
-0.006200 -3.200000 -9.200000
-0.006180 -3.200000 -9.200000
-0.006160 -3.200000 -9.200000
-0.006140 -3.200000 -9.200000
-0.006120 -3.200000 -9.200000
-0.006100 -3.200000 -9.200000
-0.006080 -3.200000 -9.200000
-0.006060 -3.200000 -9.400000
-0.006040 -3.200000 -9.400000
-0.006020 -3.200000 -9.200000
-0.006000 -3.200000 -9.400000
-0.005980 -3.200000 -9.400000
-0.005960 -3.200000 -9.400000
-0.005940 -3.200000 -9.400000
-0.005920 -3.200000 -9.400000
-0.005900 -3.200000 -9.400000
-0.005880 -3.200000 -9.400000
-0.005860 -3.200000 -9.400000
-0.005840 -3.200000 -9.400000
-0.005820 -3.200000 -9.400000
-0.005800 -3.200000 -9.400000
-0.005780 -3.200000 -9.400000
-0.005760 -3.200000 -9.400000
-0.005740 -3.200000 -9.400000
-0.005720 -3.200000 -9.400000
-0.005700 -3.200000 -9.400000
-0.005680 -3.200000 -9.400000
-0.005660 -3.200000 -9.400000
-0.005640 -3.200000 -9.400000
-0.005620 -3.200000 -9.400000
-0.005600 -3.200000 -9.400000
-0.005580 -3.200000 -9.400000
-0.005560 -3.200000 -9.400000
-0.005540 -3.200000 -9.400000
-0.005520 -3.200000 -9.400000
-0.005500 -3.200000 -9.400000
-0.005480 -3.200000 -9.400000
-0.005460 -3.200000 -9.400000
-0.005440 -3.200000 -9.400000
-0.005420 -3.200000 -9.400000
-0.005400 -3.200000 -9.400000
-0.005380 -3.200000 -9.400000
-0.005360 -3.200000 -9.400000
-0.005340 -3.200000 -9.400000
-0.005320 -3.200000 -9.400000
-0.005300 -3.200000 -9.400000
-0.005280 -3.200000 -9.400000
-0.005260 -3.200000 -9.400000
-0.005240 -3.200000 -9.400000
-0.005220 -3.200000 -9.400000
-0.005200 -3.200000 -9.400000
-0.005180 -3.200000 -9.400000
-0.005160 -3.200000 -9.400000
-0.005140 -3.200000 -9.400000
-0.005120 -3.200000 -9.400000
-0.005100 -3.200000 -9.400000
-0.005080 -3.200000 -9.400000
-0.005060 -3.200000 -9.400000
-0.005040 -3.200000 -9.400000
-0.005020 -3.200000 -9.400000
-0.005000 -3.200000 -9.400000
-0.004980 -3.200000 -9.400000
-0.004960 -3.200000 -9.400000
-0.004940 -3.200000 -9.400000
-0.004920 -3.200000 -9.400000
-0.004900 -3.200000 -9.400000
-0.004880 -3.200000 -9.400000
-0.004860 -3.200000 -9.400000
-0.004840 -3.200000 -9.400000
-0.004820 -3.200000 -9.400000
-0.004800 -3.200000 -9.400000
-0.004780 -3.200000 -9.400000
-0.004760 -3.200000 -9.400000
-0.004740 -3.200000 -9.400000
-0.004720 -3.200000 -9.400000
-0.004700 -3.200000 -9.400000
-0.004680 -3.200000 -9.400000
-0.004660 -3.200000 -9.400000
-0.004640 -3.200000 -9.400000
-0.004620 -3.200000 -9.400000
-0.004600 -3.200000 -9.400000
-0.004580 -3.200000 -9.400000
-0.004560 -3.200000 -9.400000
-0.004540 -3.200000 -9.400000
-0.004520 -3.200000 -9.400000
-0.004500 -3.200000 -9.400000
-0.004480 -3.200000 -9.400000
-0.004460 -3.200000 -9.400000
-0.004440 -3.200000 -9.400000
-0.004420 -3.200000 -9.400000
-0.004400 -3.200000 -9.400000
-0.004380 -3.200000 -9.400000
-0.004360 -3.200000 -9.600000
-0.004340 -3.200000 -9.400000
-0.004320 -3.200000 -9.400000
-0.004300 -3.200000 -9.400000
-0.004280 -3.200000 -9.400000
-0.004260 -3.200000 -9.400000
-0.004240 -3.200000 -9.400000
-0.004220 -3.200000 -9.400000
-0.004200 -3.200000 -9.400000
-0.004180 -3.200000 -9.400000
-0.004160 -3.200000 -9.400000
-0.004140 -3.200000 -9.400000
-0.004120 -3.200000 -9.400000
-0.004100 -3.200000 -9.400000
-0.004080 -3.200000 -9.400000
-0.004060 -3.200000 -9.400000
-0.004040 -3.200000 -9.400000
-0.004020 -3.200000 -9.400000
-0.004000 -3.200000 -9.400000
-0.003980 -3.200000 -9.400000
-0.003960 -3.200000 -9.400000
-0.003940 -3.200000 -9.400000
-0.003920 -3.200000 -9.400000
-0.003900 -3.200000 -9.400000
-0.003880 -3.200000 -9.400000
-0.003860 -3.200000 -9.400000
-0.003840 -3.200000 -9.400000
-0.003820 -3.200000 -9.400000
-0.003800 -3.200000 -9.400000
-0.003780 -3.200000 -9.400000
-0.003760 -3.200000 -9.400000
-0.003740 -3.200000 -9.400000
-0.003720 -3.200000 -9.400000
-0.003700 -3.200000 -9.400000
-0.003680 -3.200000 -9.400000
-0.003660 -3.200000 -9.400000
-0.003640 -3.200000 -9.400000
-0.003620 -3.200000 -9.400000
-0.003600 -3.200000 -9.400000
-0.003580 -3.200000 -9.400000
-0.003560 -3.200000 -9.400000
-0.003540 -3.200000 -9.400000
-0.003520 -3.200000 -9.400000
-0.003500 -3.200000 -9.400000
-0.003480 -3.200000 -9.200000
-0.003460 -3.200000 -9.200000
-0.003440 -3.200000 -9.200000
-0.003420 -3.200000 -9.200000
-0.003400 -3.200000 -9.000000
-0.003380 -3.200000 -9.000000
-0.003360 -3.200000 -9.000000
-0.003340 -3.200000 -9.000000
-0.003320 -3.200000 -9.000000
-0.003300 -3.200000 -8.800000
-0.003280 -3.200000 -8.800000
-0.003260 -3.200000 -8.800000
-0.003240 -3.200000 -8.600000
-0.003220 -3.200000 -8.600000
-0.003200 -3.200000 -8.600000
-0.003180 -3.200000 -8.400000
-0.003160 -3.200000 -8.400000
-0.003140 -3.200000 -8.200000
-0.003120 -3.000000 -8.200000
-0.003100 -3.000000 -8.200000
-0.003080 -3.200000 -8.000000
-0.003060 -3.000000 -8.000000
-0.003040 -3.000000 -8.000000
-0.003020 -3.000000 -7.800000
-0.003000 -3.000000 -7.800000
-0.002980 -3.000000 -7.800000
-0.002960 -3.000000 -7.600000
-0.002940 -3.000000 -7.600000
-0.002920 -3.000000 -7.400000
-0.002900 -3.000000 -7.400000
-0.002880 -3.000000 -7.400000
-0.002860 -3.000000 -7.400000
-0.002840 -3.000000 -7.200000
-0.002820 -3.000000 -7.200000
-0.002800 -3.000000 -7.200000
-0.002780 -3.000000 -7.200000
-0.002760 -3.000000 -7.000000
-0.002740 -3.000000 -7.000000
-0.002720 -3.000000 -7.000000
-0.002700 -3.000000 -6.800000
-0.002680 -3.000000 -6.800000
-0.002660 -3.000000 -6.800000
-0.002640 -3.000000 -6.800000
-0.002620 -3.000000 -6.800000
-0.002600 -3.000000 -6.600000
-0.002580 -3.000000 -6.600000
-0.002560 -3.000000 -6.600000
-0.002540 -3.000000 -6.600000
-0.002520 -3.000000 -6.400000
-0.002500 -3.000000 -6.400000
-0.002480 -3.000000 -6.400000
-0.002460 -3.000000 -6.400000
-0.002440 -3.000000 -6.400000
-0.002420 -3.000000 -6.200000
-0.002400 -3.000000 -6.200000
-0.002380 -3.000000 -6.200000
-0.002360 -3.000000 -6.200000
-0.002340 -3.000000 -6.000000
-0.002320 -3.000000 -6.000000
-0.002300 -3.000000 -6.000000
-0.002280 -3.000000 -6.000000
-0.002260 -3.000000 -5.800000
-0.002240 -3.000000 -5.800000
-0.002220 -3.000000 -5.800000
-0.002200 -3.000000 -5.800000
-0.002180 -3.000000 -5.600000
-0.002160 -3.000000 -5.600000
-0.002140 -3.000000 -5.600000
-0.002120 -3.000000 -5.400000
-0.002100 -3.000000 -5.400000
-0.002080 -3.000000 -5.400000
-0.002060 -3.000000 -5.200000
-0.002040 -3.000000 -5.200000
-0.002020 -3.000000 -5.000000
-0.002000 -2.800000 -5.000000
-0.001980 -2.800000 -5.000000
-0.001960 -2.800000 -4.800000
-0.001940 -2.800000 -4.800000
-0.001920 -2.800000 -4.800000
-0.001900 -2.800000 -4.600000
-0.001880 -2.800000 -4.600000
-0.001860 -2.800000 -4.600000
-0.001840 -2.800000 -4.400000
-0.001820 -2.800000 -4.400000
-0.001800 -2.800000 -4.200000
-0.001780 -2.800000 -4.200000
-0.001760 -2.800000 -4.200000
-0.001740 -2.800000 -4.000000
-0.001720 -2.800000 -4.000000
-0.001700 -2.800000 -3.800000
-0.001680 -2.800000 -3.800000
-0.001660 -2.800000 -3.800000
-0.001640 -2.800000 -3.600000
-0.001620 -2.800000 -3.400000
-0.001600 -2.800000 -3.400000
-0.001580 -2.800000 -3.400000
-0.001560 -2.800000 -3.200000
-0.001540 -2.800000 -3.200000
-0.001520 -2.800000 -3.000000
-0.001500 -2.800000 -3.000000
-0.001480 -2.800000 -3.000000
-0.001460 -2.800000 -2.800000
-0.001440 -2.600000 -2.800000
-0.001420 -2.600000 -2.800000
-0.001400 -2.600000 -2.600000
-0.001380 -2.600000 -2.600000
-0.001360 -2.600000 -2.600000
-0.001340 -2.600000 -2.400000
-0.001320 -2.600000 -2.400000
-0.001300 -2.600000 -2.400000
-0.001280 -2.600000 -2.200000
-0.001260 -2.600000 -2.200000
-0.001240 -2.600000 -2.000000
-0.001220 -2.600000 -2.000000
-0.001200 -2.600000 -2.000000
-0.001180 -2.600000 -1.800000
-0.001160 -2.600000 -1.800000
-0.001140 -2.600000 -1.800000
-0.001120 -2.400000 -1.600000
-0.001100 -2.400000 -1.600000
-0.001080 -2.400000 -1.600000
-0.001060 -2.400000 -1.400000
-0.001040 -2.400000 -1.400000
-0.001020 -2.400000 -1.400000
-0.001000 -2.400000 -1.200000
-0.000980 -2.400000 -1.200000
-0.000960 -2.400000 -1.200000
-0.000940 -2.400000 -1.000000
-0.000920 -2.400000 -1.000000
-0.000900 -2.400000 -1.000000
-0.000880 -2.200000 -1.000000
-0.000860 -2.200000 -0.800000
-0.000840 -2.200000 -0.800000
-0.000820 -2.200000 -0.800000
-0.000800 -2.200000 -0.800000
-0.000780 -2.200000 -0.800000
-0.000760 -2.200000 -0.600000
-0.000740 -2.000000 -0.600000
-0.000720 -2.000000 -0.600000
-0.000700 -2.000000 -0.600000
-0.000680 -1.800000 -0.400000
-0.000660 -1.800000 -0.400000
-0.000640 -1.800000 -0.400000
-0.000620 -1.800000 -0.400000
-0.000600 -1.600000 -0.400000
-0.000580 -1.600000 -0.400000
-0.000560 -1.400000 -0.200000
-0.000540 -1.400000 -0.200000
-0.000520 -1.400000 -0.200000
-0.000500 -1.200000 -0.200000
-0.000480 -1.200000 -0.200000
-0.000460 -1.000000 -0.200000
-0.000440 -1.000000 -0.200000
-0.000420 -1.000000 -0.200000
-0.000400 -0.800000 -0.200000
-0.000380 -0.800000 -0.200000
-0.000360 -0.600000 -0.200000
-0.000340 -0.600000 -0.200000
-0.000320 -0.400000 -0.200000
-0.000300 -0.400000 -0.200000
-0.000280 -0.200000 -0.200000
-0.000260 -0.200000 -0.200000
-0.000240 -0.200000 -0.200000
-0.000220 0.000000 -0.200000
-0.000200 0.200000 -0.200000
-0.000180 0.200000 -0.200000
-0.000160 0.200000 -0.200000
-0.000140 0.400000 -0.200000
-0.000120 0.400000 -0.200000
-0.000100 0.600000 -0.200000
-0.000080 0.600000 -0.200000
-0.000060 0.600000 -0.200000
-0.000040 0.600000 -0.200000
-0.000020 0.600000 0.000000
-0.000000 0.600000 0.000000
0.000020 0.600000 0.000000
0.000040 0.600000 0.200000
0.000060 0.600000 0.200000
0.000080 0.600000 0.200000
0.000100 0.600000 0.400000
0.000120 0.600000 0.400000
0.000140 0.600000 0.400000
0.000160 0.600000 0.600000
0.000180 0.600000 0.600000
0.000200 0.600000 0.800000
0.000220 0.600000 0.800000
0.000240 0.600000 0.800000
0.000260 0.600000 1.000000
0.000280 0.800000 1.000000
0.000300 0.800000 1.000000
0.000320 0.800000 1.200000
0.000340 0.800000 1.200000
0.000360 0.800000 1.400000
0.000380 0.800000 1.400000
0.000400 0.800000 1.400000
0.000420 0.800000 1.600000
0.000440 0.800000 1.600000
0.000460 0.800000 1.600000
0.000480 0.800000 1.800000
0.000500 0.800000 1.800000
0.000520 0.800000 1.800000
0.000540 0.800000 2.000000
0.000560 0.800000 2.000000
0.000580 0.800000 2.000000
0.000600 0.800000 2.200000
0.000620 0.800000 2.200000
0.000640 0.800000 2.200000
0.000660 0.800000 2.200000
0.000680 0.800000 2.400000
0.000700 0.800000 2.400000
0.000720 0.800000 2.400000
0.000740 0.800000 2.600000
0.000760 0.800000 2.600000
0.000780 0.800000 2.800000
0.000800 0.800000 2.800000
0.000820 0.800000 2.800000
0.000840 0.800000 3.000000
0.000860 0.800000 3.000000
0.000880 0.800000 3.200000
0.000900 0.800000 3.200000
0.000920 0.800000 3.200000
0.000940 0.800000 3.200000
0.000960 0.800000 3.400000
0.000980 0.800000 3.400000
0.001000 0.800000 3.400000
0.001020 0.800000 3.600000
0.001040 0.800000 3.600000
0.001060 0.800000 3.800000
0.001080 0.800000 3.800000
0.001100 0.800000 3.800000
0.001120 0.800000 4.000000
0.001140 0.800000 4.000000
0.001160 0.800000 4.000000
0.001180 0.800000 4.200000
0.001200 0.800000 4.200000
0.001220 0.800000 4.200000
0.001240 0.800000 4.400000
0.001260 0.800000 4.400000
0.001280 0.800000 4.600000
0.001300 0.800000 4.600000
0.001320 0.800000 4.600000
0.001340 0.800000 4.800000
0.001360 0.800000 4.800000
0.001380 0.800000 5.000000
0.001400 0.800000 5.000000
0.001420 0.800000 5.000000
0.001440 0.800000 5.000000
0.001460 0.800000 5.200000
0.001480 0.800000 5.200000
0.001500 0.800000 5.200000
0.001520 0.800000 5.400000
0.001540 0.800000 5.400000
0.001560 0.800000 5.400000
0.001580 0.800000 5.600000
0.001600 0.800000 5.600000
0.001620 0.800000 5.600000
0.001640 0.800000 5.800000
0.001660 0.800000 5.800000
0.001680 0.800000 5.800000
0.001700 0.800000 6.000000
0.001720 0.800000 6.000000
0.001740 0.800000 6.200000
0.001760 0.800000 6.200000
0.001780 0.800000 6.200000
0.001800 0.800000 6.400000
0.001820 0.800000 6.400000
0.001840 0.800000 6.400000
0.001860 0.800000 6.600000
0.001880 0.800000 6.600000
0.001900 0.800000 6.600000
0.001920 0.800000 6.800000
0.001940 0.800000 6.800000
0.001960 0.800000 6.800000
0.001980 0.800000 7.000000
0.002000 0.800000 7.000000
0.002020 0.800000 7.000000
0.002040 0.800000 7.000000
0.002060 0.800000 7.200000
0.002080 0.800000 7.200000
0.002100 0.800000 7.200000
0.002120 0.800000 7.200000
0.002140 0.800000 7.400000
0.002160 0.800000 7.400000
0.002180 0.800000 7.400000
0.002200 0.800000 7.400000
0.002220 0.800000 7.600000
0.002240 0.800000 7.600000
0.002260 0.800000 7.600000
0.002280 0.800000 7.800000
0.002300 0.800000 7.800000
0.002320 0.800000 7.800000
0.002340 0.800000 8.000000
0.002360 0.800000 8.000000
0.002380 0.800000 8.000000
0.002400 0.800000 8.200000
0.002420 0.800000 8.200000
0.002440 0.800000 8.200000
0.002460 0.800000 8.200000
0.002480 0.800000 8.400000
0.002500 0.800000 8.400000
0.002520 0.800000 8.400000
0.002540 0.800000 8.400000
0.002560 0.800000 8.600000
0.002580 0.800000 8.600000
0.002600 0.800000 8.600000
0.002620 0.800000 8.600000
0.002640 0.800000 8.800000
0.002660 0.800000 8.800000
0.002680 0.800000 8.800000
0.002700 0.800000 8.800000
0.002720 0.800000 9.000000
0.002740 0.800000 9.000000
0.002760 0.800000 9.000000
0.002780 0.800000 9.000000
0.002800 0.800000 9.200000
0.002820 0.800000 9.200000
0.002840 0.800000 9.200000
0.002860 0.800000 9.200000
0.002880 0.800000 9.400000
0.002900 0.800000 9.400000
0.002920 0.800000 9.400000
0.002940 0.800000 9.400000
0.002960 0.800000 9.600000
0.002980 0.800000 9.600000
0.003000 0.800000 9.600000
0.003020 0.800000 9.600000
0.003040 0.800000 9.600000
0.003060 0.800000 9.800000
0.003080 0.800000 9.800000
0.003100 0.800000 9.800000
0.003120 0.800000 9.800000
0.003140 0.800000 9.800000
0.003160 0.800000 9.800000
0.003180 0.800000 10.000000
0.003200 0.800000 10.000000
0.003220 0.800000 10.000000
0.003240 0.800000 10.000000
0.003260 0.800000 10.000000
0.003280 0.800000 10.000000
0.003300 0.800000 10.000000
0.003320 0.800000 10.200000
0.003340 0.800000 10.200000
0.003360 0.800000 10.200000
0.003380 0.800000 10.200000
0.003400 0.800000 10.200000
0.003420 0.800000 10.400000
0.003440 0.800000 10.400000
0.003460 0.800000 10.400000
0.003480 0.800000 10.400000
0.003500 0.800000 10.400000
0.003520 0.800000 10.600000
0.003540 0.800000 10.600000
0.003560 0.800000 10.600000
0.003580 0.800000 10.600000
0.003600 0.800000 10.800000
0.003620 0.800000 10.800000
0.003640 0.800000 10.800000
0.003660 0.800000 10.800000
0.003680 0.800000 10.800000
0.003700 0.800000 11.000000
0.003720 0.800000 11.000000
0.003740 0.800000 11.000000
0.003760 0.800000 11.000000
0.003780 0.800000 11.200000
0.003800 0.800000 11.200000
0.003820 0.800000 11.200000
0.003840 0.800000 11.200000
0.003860 0.800000 11.200000
0.003880 0.800000 11.200000
0.003900 0.800000 11.200000
0.003920 0.800000 11.200000
0.003940 0.800000 11.200000
0.003960 0.800000 11.200000
0.003980 0.800000 11.200000
0.004000 0.800000 11.200000
0.004020 0.800000 11.200000
0.004040 0.800000 11.200000
0.004060 0.800000 11.200000
0.004080 0.800000 11.200000
0.004100 0.800000 11.200000
0.004120 0.800000 11.200000
0.004140 0.800000 11.400000
0.004160 0.800000 11.400000
0.004180 0.800000 11.400000
0.004200 0.800000 11.400000
0.004220 0.800000 11.400000
0.004240 0.800000 11.400000
0.004260 0.800000 11.400000
0.004280 0.800000 11.400000
0.004300 0.800000 11.400000
0.004320 0.800000 11.400000
0.004340 0.800000 11.400000
0.004360 0.800000 11.400000
0.004380 0.800000 11.400000
0.004400 0.800000 11.400000
0.004420 0.800000 11.400000
0.004440 0.800000 11.400000
0.004460 0.800000 11.400000
0.004480 0.800000 11.400000
0.004500 0.800000 11.400000
0.004520 0.800000 11.400000
0.004540 0.800000 11.400000
0.004560 0.800000 11.400000
0.004580 0.800000 11.400000
0.004600 0.800000 11.400000
0.004620 0.800000 11.400000
0.004640 0.800000 11.400000
0.004660 0.800000 11.400000
0.004680 0.800000 11.400000
0.004700 0.800000 11.400000
0.004720 0.800000 11.400000
0.004740 0.800000 11.400000
0.004760 0.800000 11.400000
0.004780 0.800000 11.400000
0.004800 0.800000 11.400000
0.004820 0.800000 11.400000
0.004840 0.800000 11.400000
0.004860 0.800000 11.400000
0.004880 0.800000 11.400000
0.004900 0.800000 11.400000
0.004920 0.800000 11.400000
0.004940 0.800000 11.400000
0.004960 0.800000 11.400000
0.004980 0.800000 11.400000
0.005000 0.800000 11.400000
0.005020 0.800000 11.400000
0.005040 0.800000 11.400000
0.005060 0.800000 11.400000
0.005080 0.800000 11.400000
0.005100 0.800000 11.400000
0.005120 0.800000 11.400000
0.005140 0.800000 11.400000
0.005160 0.800000 11.400000
0.005180 0.800000 11.400000
0.005200 0.800000 11.400000
0.005220 0.800000 11.400000
0.005240 0.800000 11.400000
0.005260 0.800000 11.400000
0.005280 0.800000 11.400000
0.005300 0.800000 11.400000
0.005320 0.800000 11.400000
0.005340 0.800000 11.400000
0.005360 0.800000 11.400000
0.005380 0.800000 11.400000
0.005400 0.800000 11.400000
0.005420 0.800000 11.400000
0.005440 0.800000 11.400000
0.005460 0.800000 11.400000
0.005480 0.800000 11.400000
0.005500 0.800000 11.400000
0.005520 0.800000 11.400000
0.005540 0.800000 11.400000
0.005560 0.800000 11.400000
0.005580 0.800000 11.400000
0.005600 0.800000 11.400000
0.005620 0.800000 11.400000
0.005640 0.800000 11.400000
0.005660 0.800000 11.400000
0.005680 0.800000 11.400000
0.005700 0.800000 11.400000
0.005720 0.800000 11.400000
0.005740 0.800000 11.400000
0.005760 0.800000 11.400000
0.005780 0.800000 11.400000
0.005800 0.800000 11.400000
0.005820 0.800000 11.400000
0.005840 0.800000 11.400000
0.005860 0.800000 11.400000
0.005880 0.800000 11.400000
0.005900 0.800000 11.400000
0.005920 0.800000 11.400000
0.005940 0.800000 11.400000
0.005960 0.800000 11.400000
0.005980 0.800000 11.400000
0.006000 0.800000 11.400000
0.006020 0.800000 11.400000
0.006040 0.800000 11.400000
0.006060 0.800000 11.400000
0.006080 0.800000 11.400000
0.006100 0.800000 11.400000
0.006120 0.800000 11.400000
0.006140 0.800000 11.400000
0.006160 0.800000 11.400000
0.006180 0.800000 11.400000
0.006200 0.800000 11.400000
0.006220 0.800000 11.400000
0.006240 0.800000 11.400000
0.006260 0.800000 11.400000
0.006280 0.800000 11.400000
0.006300 0.800000 11.400000
0.006320 0.800000 11.400000
0.006340 0.800000 11.400000
0.006360 0.800000 11.400000
0.006380 0.800000 11.400000
0.006400 0.800000 11.400000
0.006420 0.800000 11.400000
0.006440 0.800000 11.400000
0.006460 0.800000 11.400000
0.006480 0.800000 11.400000
0.006500 0.800000 11.200000
0.006520 0.800000 11.200000
0.006540 0.800000 11.200000
0.006560 0.800000 11.200000
0.006580 0.800000 11.200000
0.006600 0.800000 11.000000
0.006620 0.800000 11.000000
0.006640 0.800000 11.000000
0.006660 0.800000 10.800000
0.006680 0.800000 10.800000
0.006700 0.800000 10.600000
0.006720 0.800000 10.600000
0.006740 0.800000 10.600000
0.006760 0.800000 10.400000
0.006780 0.800000 10.400000
0.006800 0.800000 10.400000
0.006820 0.800000 10.200000
0.006840 0.800000 10.200000
0.006860 0.800000 10.200000
0.006880 0.800000 10.000000
0.006900 0.800000 10.000000
0.006920 0.800000 10.000000
0.006940 0.800000 9.800000
0.006960 0.800000 9.800000
0.006980 0.800000 9.600000
0.007000 0.800000 9.600000
0.007020 0.800000 9.600000
0.007040 0.800000 9.400000
0.007060 0.800000 9.400000
0.007080 0.800000 9.400000
0.007100 0.800000 9.200000
0.007120 0.800000 9.200000
0.007140 0.800000 9.200000
0.007160 0.800000 9.000000
0.007180 0.800000 9.000000
0.007200 0.800000 9.000000
0.007220 0.800000 8.800000
0.007240 0.800000 8.800000
0.007260 0.800000 8.800000
0.007280 0.800000 8.800000
0.007300 0.800000 8.600000
0.007320 0.800000 8.600000
0.007340 0.800000 8.600000
0.007360 0.800000 8.600000
0.007380 0.800000 8.400000
0.007400 0.800000 8.400000
0.007420 0.800000 8.400000
0.007440 0.800000 8.400000
0.007460 0.800000 8.400000
0.007480 0.800000 8.200000
0.007500 0.800000 8.200000
0.007520 0.800000 8.200000
0.007540 0.800000 8.200000
0.007560 0.800000 8.000000
0.007580 0.800000 8.000000
0.007600 0.800000 8.000000
0.007620 0.800000 8.000000
0.007640 0.800000 7.800000
0.007660 0.800000 7.800000
0.007680 0.800000 7.800000
0.007700 0.800000 7.800000
0.007720 0.800000 7.600000
0.007740 0.800000 7.600000
0.007760 0.800000 7.600000
0.007780 0.800000 7.400000
0.007800 0.800000 7.400000
0.007820 0.800000 7.400000
0.007840 0.800000 7.200000
0.007860 0.800000 7.200000
0.007880 0.800000 7.200000
0.007900 0.800000 7.200000
0.007920 0.800000 7.000000
0.007940 0.800000 7.000000
0.007960 0.800000 6.800000
0.007980 0.800000 6.800000
0.008000 0.800000 6.800000
0.008020 0.800000 6.600000
0.008040 0.800000 6.600000
0.008060 0.800000 6.600000
0.008080 0.800000 6.400000
0.008100 0.800000 6.400000
0.008120 0.800000 6.200000
0.008140 0.800000 6.200000
0.008160 0.800000 6.000000
0.008180 0.800000 6.000000
0.008200 0.800000 5.800000
0.008220 0.800000 5.800000
0.008240 0.800000 5.600000
0.008260 0.800000 5.600000
0.008280 0.800000 5.600000
0.008300 0.800000 5.400000
0.008320 0.800000 5.400000
0.008340 0.800000 5.200000
0.008360 0.800000 5.200000
0.008380 0.800000 5.200000
0.008400 0.800000 5.000000
0.008420 0.800000 5.000000
0.008440 0.800000 4.800000
0.008460 0.800000 4.800000
0.008480 0.800000 4.600000
0.008500 0.800000 4.600000
0.008520 0.800000 4.400000
0.008540 0.800000 4.400000
0.008560 0.800000 4.200000
0.008580 0.800000 4.200000
0.008600 0.800000 4.000000
0.008620 0.800000 4.000000
0.008640 0.800000 4.000000
0.008660 0.800000 3.800000
0.008680 0.800000 3.800000
0.008700 0.800000 3.600000
0.008720 0.800000 3.600000
0.008740 0.800000 3.600000
0.008760 0.800000 3.400000
0.008780 0.800000 3.400000
0.008800 0.800000 3.200000
0.008820 0.800000 3.200000
0.008840 0.800000 3.200000
0.008860 0.800000 3.000000
0.008880 0.800000 3.000000
0.008900 0.800000 3.000000
0.008920 0.800000 2.800000
0.008940 0.800000 2.800000
0.008960 0.800000 2.600000
0.008980 0.800000 2.600000
0.009000 0.800000 2.400000
0.009020 0.800000 2.400000
0.009040 0.800000 2.400000
0.009060 0.800000 2.200000
0.009080 0.800000 2.200000
0.009100 0.800000 2.200000
0.009120 0.800000 2.000000
0.009140 0.800000 2.000000
0.009160 0.800000 1.800000
0.009180 0.800000 1.800000
0.009200 0.800000 1.800000
0.009220 0.800000 1.600000
0.009240 0.800000 1.600000
0.009260 0.800000 1.400000
0.009280 0.800000 1.400000
0.009300 0.800000 1.200000
0.009320 0.800000 1.200000
0.009340 0.800000 1.000000
0.009360 0.800000 1.000000
0.009380 0.800000 0.800000
0.009400 0.800000 0.800000
0.009420 0.600000 0.800000
0.009440 0.600000 0.600000
0.009460 0.600000 0.600000
0.009480 0.600000 0.400000
0.009500 0.600000 0.400000
0.009520 0.600000 0.400000
0.009540 0.600000 0.200000
0.009560 0.600000 0.200000
0.009580 0.600000 0.000000
0.009600 0.600000 0.000000
0.009620 0.600000 0.000000
0.009640 0.600000 -0.200000
0.009660 0.600000 -0.200000
0.009680 0.400000 -0.200000
0.009700 0.400000 -0.200000
0.009720 0.400000 -0.200000
0.009740 0.200000 -0.200000
0.009760 0.200000 -0.200000
0.009780 0.000000 -0.200000
0.009800 0.000000 -0.200000
0.009820 -0.200000 -0.200000
0.009840 -0.200000 -0.200000
0.009860 -0.200000 -0.200000
0.009880 -0.400000 -0.200000
0.009900 -0.400000 -0.200000
0.009920 -0.600000 -0.200000
0.009940 -0.600000 -0.200000
0.009960 -0.600000 -0.200000
0.009980 -0.800000 -0.200000
0.010000 -0.800000 -0.200000
0.010020 -1.000000 -0.200000
0.010040 -1.000000 -0.200000
0.010060 -1.000000 -0.200000
0.010080 -1.200000 -0.200000
0.010100 -1.200000 -0.200000
0.010120 -1.400000 -0.200000
0.010140 -1.400000 -0.200000
0.010160 -1.400000 -0.200000
0.010180 -1.400000 -0.200000
0.010200 -1.600000 -0.200000
0.010220 -1.600000 -0.200000
0.010240 -1.600000 -0.400000
0.010260 -1.800000 -0.400000
0.010280 -1.800000 -0.400000
0.010300 -1.800000 -0.400000
0.010320 -1.800000 -0.400000
0.010340 -2.000000 -0.400000
0.010360 -2.000000 -0.600000
0.010380 -2.000000 -0.600000
0.010400 -2.000000 -0.600000
0.010420 -2.200000 -0.600000
0.010440 -2.200000 -0.600000
0.010460 -2.200000 -0.800000
0.010480 -2.200000 -0.800000
0.010500 -2.200000 -0.800000
0.010520 -2.200000 -0.800000
0.010540 -2.200000 -0.800000
0.010560 -2.200000 -0.800000
0.010580 -2.200000 -1.000000
0.010600 -2.400000 -1.000000
0.010620 -2.400000 -1.000000
0.010640 -2.400000 -1.000000
0.010660 -2.400000 -1.000000
0.010680 -2.400000 -1.200000
0.010700 -2.400000 -1.200000
0.010720 -2.400000 -1.200000
0.010740 -2.400000 -1.200000
0.010760 -2.400000 -1.400000
0.010780 -2.400000 -1.400000
0.010800 -2.400000 -1.400000
0.010820 -2.400000 -1.600000
0.010840 -2.400000 -1.600000
0.010860 -2.400000 -1.600000
0.010880 -2.600000 -1.800000
0.010900 -2.600000 -1.800000
0.010920 -2.600000 -1.800000
0.010940 -2.600000 -2.000000
0.010960 -2.600000 -2.000000
0.010980 -2.600000 -2.000000
0.011000 -2.600000 -2.200000
0.011020 -2.600000 -2.200000
0.011040 -2.600000 -2.200000
0.011060 -2.600000 -2.400000
0.011080 -2.600000 -2.400000
0.011100 -2.600000 -2.400000
0.011120 -2.600000 -2.600000
0.011140 -2.600000 -2.600000
0.011160 -2.600000 -2.600000
0.011180 -2.600000 -2.800000
0.011200 -2.600000 -2.800000
0.011220 -2.600000 -2.800000
0.011240 -2.800000 -2.800000
0.011260 -2.800000 -3.000000
0.011280 -2.800000 -3.000000
0.011300 -2.800000 -3.000000
0.011320 -2.800000 -3.200000
0.011340 -2.800000 -3.200000
0.011360 -2.800000 -3.200000
0.011380 -2.800000 -3.200000
0.011400 -2.800000 -3.400000
0.011420 -2.800000 -3.400000
0.011440 -2.800000 -3.400000
0.011460 -2.800000 -3.600000
0.011480 -2.800000 -3.600000
0.011500 -2.800000 -3.800000
0.011520 -2.800000 -3.800000
0.011540 -2.800000 -3.800000
0.011560 -2.800000 -4.000000
0.011580 -2.800000 -4.000000
0.011600 -2.800000 -4.000000
0.011620 -2.800000 -4.200000
0.011640 -2.800000 -4.200000
0.011660 -2.800000 -4.200000
0.011680 -2.800000 -4.200000
0.011700 -2.800000 -4.400000
0.011720 -2.800000 -4.400000
0.011740 -2.800000 -4.400000
0.011760 -2.800000 -4.600000
0.011780 -2.800000 -4.600000
0.011800 -2.800000 -4.600000
0.011820 -2.800000 -4.800000
0.011840 -2.800000 -4.800000
0.011860 -2.800000 -4.800000
0.011880 -2.800000 -4.800000
0.011900 -2.800000 -5.000000
0.011920 -2.800000 -5.000000
0.011940 -3.000000 -5.000000
0.011960 -3.000000 -5.000000
0.011980 -3.000000 -5.200000
0.012000 -3.000000 -5.200000
0.012020 -3.000000 -5.400000
0.012040 -3.000000 -5.400000
0.012060 -3.000000 -5.400000
0.012080 -3.000000 -5.400000
0.012100 -3.000000 -5.600000
0.012120 -3.000000 -5.600000
0.012140 -3.000000 -5.600000
0.012160 -3.000000 -5.800000
0.012180 -3.000000 -5.800000
0.012200 -3.000000 -5.800000
0.012220 -3.000000 -5.800000
0.012240 -3.000000 -6.000000
0.012260 -3.000000 -6.000000
0.012280 -3.000000 -6.000000
0.012300 -3.000000 -6.000000
0.012320 -3.000000 -6.200000
0.012340 -3.000000 -6.200000
0.012360 -3.000000 -6.200000
0.012380 -3.000000 -6.200000
0.012400 -3.000000 -6.400000
0.012420 -3.000000 -6.400000
0.012440 -3.000000 -6.400000
0.012460 -3.000000 -6.600000
0.012480 -3.000000 -6.600000
0.012500 -3.000000 -6.600000
0.012520 -3.000000 -6.600000
0.012540 -3.000000 -6.800000
0.012560 -3.000000 -6.800000
0.012580 -3.000000 -6.800000
0.012600 -3.000000 -6.800000
0.012620 -3.000000 -7.000000
0.012640 -3.000000 -7.000000
0.012660 -3.000000 -7.000000
0.012680 -3.000000 -7.000000
0.012700 -3.000000 -7.200000
0.012720 -3.000000 -7.200000
0.012740 -3.000000 -7.200000
0.012760 -3.000000 -7.200000
0.012780 -3.000000 -7.200000
0.012800 -3.000000 -7.400000
0.012820 -3.000000 -7.400000
0.012840 -3.000000 -7.400000
0.012860 -3.000000 -7.400000
0.012880 -3.000000 -7.600000
0.012900 -3.000000 -7.600000
0.012920 -3.000000 -7.600000
0.012940 -3.000000 -7.600000
0.012960 -3.000000 -7.600000
0.012980 -3.000000 -7.800000
0.013000 -3.000000 -7.800000
0.013020 -3.000000 -7.800000
0.013040 -3.000000 -7.800000
0.013060 -3.000000 -7.800000
0.013080 -3.000000 -7.800000
0.013100 -3.000000 -8.000000
0.013120 -3.000000 -8.000000
0.013140 -3.000000 -8.000000
0.013160 -3.200000 -8.000000
0.013180 -3.000000 -8.000000
0.013200 -3.000000 -8.000000
0.013220 -3.000000 -8.200000
0.013240 -3.000000 -8.200000
0.013260 -3.000000 -8.200000
0.013280 -3.200000 -8.200000
0.013300 -3.200000 -8.200000
0.013320 -3.200000 -8.200000
0.013340 -3.200000 -8.400000
0.013360 -3.200000 -8.400000
0.013380 -3.200000 -8.400000
0.013400 -3.200000 -8.400000
0.013420 -3.200000 -8.400000
0.013440 -3.200000 -8.600000
0.013460 -3.200000 -8.600000
0.013480 -3.200000 -8.600000
0.013500 -3.200000 -8.600000
0.013520 -3.200000 -8.600000
0.013540 -3.200000 -8.800000
0.013560 -3.200000 -8.800000
0.013580 -3.200000 -8.800000
0.013600 -3.200000 -8.800000
0.013620 -3.200000 -8.800000
0.013640 -3.200000 -9.000000
0.013660 -3.200000 -9.000000
0.013680 -3.200000 -9.000000
0.013700 -3.200000 -9.000000
0.013720 -3.200000 -9.000000
0.013740 -3.200000 -9.000000
0.013760 -3.200000 -9.200000
0.013780 -3.200000 -9.200000
0.013800 -3.200000 -9.200000
0.013820 -3.200000 -9.200000
0.013840 -3.200000 -9.200000
0.013860 -3.200000 -9.200000
0.013880 -3.200000 -9.200000
0.013900 -3.200000 -9.200000
0.013920 -3.200000 -9.200000
0.013940 -3.200000 -9.200000
0.013960 -3.200000 -9.200000
0.013980 -3.200000 -9.200000
0.014000 -3.200000 -9.400000
0.014020 -3.200000 -9.400000
0.014040 -3.200000 -9.400000
0.014060 -3.200000 -9.400000
0.014080 -3.200000 -9.400000
0.014100 -3.200000 -9.400000
0.014120 -3.200000 -9.400000
0.014140 -3.200000 -9.400000
0.014160 -3.200000 -9.400000
0.014180 -3.200000 -9.400000
0.014200 -3.200000 -9.400000
0.014220 -3.200000 -9.400000
0.014240 -3.200000 -9.400000
0.014260 -3.200000 -9.400000
0.014280 -3.200000 -9.400000
0.014300 -3.200000 -9.400000
0.014320 -3.200000 -9.400000
0.014340 -3.200000 -9.400000
0.014360 -3.200000 -9.400000
0.014380 -3.200000 -9.400000
0.014400 -3.200000 -9.400000
0.014420 -3.200000 -9.400000
0.014440 -3.200000 -9.400000
0.014460 -3.200000 -9.400000
0.014480 -3.200000 -9.400000
0.014500 -3.200000 -9.400000
0.014520 -3.200000 -9.400000
0.014540 -3.200000 -9.400000
0.014560 -3.200000 -9.400000
0.014580 -3.200000 -9.400000
0.014600 -3.200000 -9.400000
0.014620 -3.200000 -9.400000
0.014640 -3.200000 -9.400000
0.014660 -3.200000 -9.400000
0.014680 -3.200000 -9.400000
0.014700 -3.200000 -9.400000
0.014720 -3.200000 -9.400000
0.014740 -3.200000 -9.400000
0.014760 -3.200000 -9.400000
0.014780 -3.200000 -9.400000
0.014800 -3.200000 -9.400000
0.014820 -3.200000 -9.400000
0.014840 -3.200000 -9.400000
0.014860 -3.200000 -9.400000
0.014880 -3.200000 -9.400000
0.014900 -3.200000 -9.400000
0.014920 -3.200000 -9.400000
0.014940 -3.200000 -9.400000
0.014960 -3.200000 -9.400000
0.014980 -3.200000 -9.400000
0.015000 -3.200000 -9.400000
0.015020 -3.200000 -9.400000
0.015040 -3.200000 -9.400000
0.015060 -3.200000 -9.400000
0.015080 -3.200000 -9.400000
0.015100 -3.200000 -9.400000
0.015120 -3.200000 -9.400000
0.015140 -3.200000 -9.400000
0.015160 -3.200000 -9.400000
0.015180 -3.200000 -9.400000
0.015200 -3.200000 -9.400000
0.015220 -3.200000 -9.400000
0.015240 -3.200000 -9.400000
0.015260 -3.200000 -9.400000
0.015280 -3.200000 -9.400000
0.015300 -3.200000 -9.400000
0.015320 -3.200000 -9.400000
0.015340 -3.200000 -9.400000
0.015360 -3.200000 -9.400000
0.015380 -3.200000 -9.400000
0.015400 -3.200000 -9.400000
0.015420 -3.200000 -9.400000
0.015440 -3.200000 -9.400000
0.015460 -3.200000 -9.400000
0.015480 -3.200000 -9.400000
0.015500 -3.200000 -9.400000
0.015520 -3.200000 -9.400000
0.015540 -3.200000 -9.400000
0.015560 -3.200000 -9.400000
0.015580 -3.200000 -9.400000
0.015600 -3.200000 -9.400000
0.015620 -3.200000 -9.400000
0.015640 -3.200000 -9.400000
0.015660 -3.200000 -9.400000
0.015680 -3.200000 -9.400000
0.015700 -3.200000 -9.600000
0.015720 -3.200000 -9.400000
0.015740 -3.200000 -9.400000
0.015760 -3.200000 -9.400000
0.015780 -3.200000 -9.400000
0.015800 -3.200000 -9.400000
0.015820 -3.200000 -9.400000
0.015840 -3.200000 -9.400000
0.015860 -3.200000 -9.400000
0.015880 -3.200000 -9.400000
0.015900 -3.200000 -9.400000
0.015920 -3.200000 -9.400000
0.015940 -3.200000 -9.400000
0.015960 -3.200000 -9.400000
0.015980 -3.200000 -9.400000
0.016000 -3.200000 -9.400000
0.016020 -3.200000 -9.400000
0.016040 -3.200000 -9.400000
0.016060 -3.200000 -9.400000
0.016080 -3.200000 -9.400000
0.016100 -3.200000 -9.400000
0.016120 -3.200000 -9.400000
0.016140 -3.200000 -9.400000
0.016160 -3.200000 -9.400000
0.016180 -3.200000 -9.400000
0.016200 -3.200000 -9.400000
0.016220 -3.200000 -9.400000
0.016240 -3.200000 -9.400000
0.016260 -3.200000 -9.400000
0.016280 -3.200000 -9.400000
0.016300 -3.200000 -9.400000
0.016320 -3.200000 -9.400000
0.016340 -3.200000 -9.400000
0.016360 -3.200000 -9.400000
0.016380 -3.200000 -9.400000
0.016400 -3.200000 -9.400000
0.016420 -3.200000 -9.400000
0.016440 -3.200000 -9.400000
0.016460 -3.200000 -9.400000
0.016480 -3.200000 -9.400000
0.016500 -3.200000 -9.400000
0.016520 -3.200000 -9.200000
0.016540 -3.200000 -9.200000
0.016560 -3.200000 -9.200000
0.016580 -3.200000 -9.200000
0.016600 -3.200000 -9.200000
0.016620 -3.200000 -9.000000
0.016640 -3.200000 -9.000000
0.016660 -3.200000 -9.000000
0.016680 -3.200000 -9.000000
0.016700 -3.200000 -8.800000
0.016720 -3.200000 -8.800000
0.016740 -3.200000 -8.800000
0.016760 -3.200000 -8.600000
0.016780 -3.200000 -8.600000
0.016800 -3.000000 -8.600000
0.016820 -3.200000 -8.400000
0.016840 -3.000000 -8.400000
0.016860 -3.200000 -8.200000
0.016880 -3.200000 -8.200000
0.016900 -3.200000 -8.200000
0.016920 -3.200000 -8.000000
0.016940 -3.000000 -8.000000
0.016960 -3.000000 -8.000000
0.016980 -3.000000 -7.800000
0.017000 -3.000000 -7.800000
0.017020 -3.000000 -7.600000
0.017040 -3.000000 -7.600000
0.017060 -3.000000 -7.600000
0.017080 -3.000000 -7.600000
0.017100 -3.000000 -7.400000
0.017120 -3.000000 -7.400000
0.017140 -3.000000 -7.400000
0.017160 -3.000000 -7.200000
0.017180 -3.000000 -7.200000
0.017200 -3.000000 -7.200000
0.017220 -3.000000 -7.200000
0.017240 -3.000000 -7.000000
0.017260 -3.000000 -7.000000
0.017280 -3.000000 -7.000000
0.017300 -3.000000 -7.000000
0.017320 -3.000000 -6.800000
0.017340 -3.000000 -6.800000
0.017360 -3.000000 -6.800000
0.017380 -3.000000 -6.800000
0.017400 -3.000000 -6.600000
0.017420 -3.000000 -6.600000
0.017440 -3.000000 -6.600000
0.017460 -3.000000 -6.600000
0.017480 -3.000000 -6.600000
0.017500 -3.000000 -6.400000
0.017520 -3.000000 -6.400000
0.017540 -3.000000 -6.400000
0.017560 -3.000000 -6.400000
0.017580 -3.000000 -6.200000
0.017600 -3.000000 -6.200000
0.017620 -3.000000 -6.200000
0.017640 -3.000000 -6.200000
0.017660 -3.000000 -6.000000
0.017680 -3.000000 -6.000000
0.017700 -3.000000 -6.000000
0.017720 -3.000000 -6.000000
0.017740 -3.000000 -5.800000
0.017760 -3.000000 -5.800000
0.017780 -3.000000 -5.800000
0.017800 -3.000000 -5.800000
0.017820 -3.000000 -5.600000
0.017840 -3.000000 -5.600000
0.017860 -3.000000 -5.600000
0.017880 -3.000000 -5.400000
0.017900 -3.000000 -5.400000
0.017920 -3.000000 -5.400000
0.017940 -3.000000 -5.200000
0.017960 -3.000000 -5.200000
0.017980 -3.000000 -5.000000
0.018000 -3.000000 -5.000000
0.018020 -2.800000 -5.000000
0.018040 -2.800000 -4.800000
0.018060 -2.800000 -4.800000
0.018080 -2.800000 -4.800000
0.018100 -2.800000 -4.600000
0.018120 -2.800000 -4.600000
0.018140 -2.800000 -4.600000
0.018160 -2.800000 -4.400000
0.018180 -2.800000 -4.400000
0.018200 -2.800000 -4.200000
0.018220 -2.800000 -4.200000
0.018240 -2.800000 -4.200000
0.018260 -2.800000 -4.000000
0.018280 -2.800000 -4.000000
0.018300 -2.800000 -3.800000
0.018320 -2.800000 -3.800000
0.018340 -2.800000 -3.800000
0.018360 -2.800000 -3.600000
0.018380 -2.800000 -3.600000
0.018400 -2.800000 -3.400000
0.018420 -2.800000 -3.400000
0.018440 -2.800000 -3.200000
0.018460 -2.800000 -3.200000
0.018480 -2.800000 -3.000000
0.018500 -2.800000 -3.000000
0.018520 -2.800000 -3.000000
0.018540 -2.800000 -2.800000
0.018560 -2.600000 -2.800000
0.018580 -2.600000 -2.800000
0.018600 -2.600000 -2.600000
0.018620 -2.600000 -2.600000
0.018640 -2.600000 -2.600000
0.018660 -2.600000 -2.400000
0.018680 -2.600000 -2.400000
0.018700 -2.600000 -2.400000
0.018720 -2.600000 -2.200000
0.018740 -2.600000 -2.200000
0.018760 -2.600000 -2.000000
0.018780 -2.600000 -2.000000
0.018800 -2.600000 -2.000000
0.018820 -2.600000 -1.800000
0.018840 -2.600000 -1.800000
0.018860 -2.600000 -1.800000
0.018880 -2.400000 -1.600000
0.018900 -2.400000 -1.600000
0.018920 -2.400000 -1.600000
0.018940 -2.400000 -1.400000
0.018960 -2.400000 -1.400000
0.018980 -2.400000 -1.400000
0.019000 -2.400000 -1.200000
0.019020 -2.400000 -1.200000
0.019040 -2.400000 -1.200000
0.019060 -2.400000 -1.000000
0.019080 -2.400000 -1.000000
0.019100 -2.400000 -1.000000
0.019120 -2.200000 -1.000000
0.019140 -2.200000 -0.800000
0.019160 -2.200000 -0.800000
0.019180 -2.200000 -0.800000
0.019200 -2.200000 -0.800000
0.019220 -2.200000 -0.800000
0.019240 -2.200000 -0.600000
0.019260 -2.000000 -0.600000
0.019280 -2.000000 -0.600000
0.019300 -2.000000 -0.600000
0.019320 -2.000000 -0.400000
0.019340 -1.800000 -0.400000
0.019360 -1.800000 -0.400000
0.019380 -1.800000 -0.400000
0.019400 -1.600000 -0.400000
0.019420 -1.600000 -0.200000
0.019440 -1.600000 -0.200000
0.019460 -1.400000 -0.200000
0.019480 -1.400000 -0.200000
0.019500 -1.200000 -0.200000
0.019520 -1.200000 -0.200000
0.019540 -1.200000 -0.200000
0.019560 -1.000000 -0.200000
0.019580 -1.000000 -0.200000
0.019600 -0.800000 -0.200000
0.019620 -0.800000 -0.200000
0.019640 -0.600000 -0.200000
0.019660 -0.600000 -0.200000
0.019680 -0.400000 -0.200000
0.019700 -0.400000 -0.200000
0.019720 -0.200000 -0.200000
0.019740 -0.200000 -0.200000
0.019760 -0.200000 -0.200000
0.019780 0.000000 -0.200000
0.019800 0.000000 -0.200000
0.019820 0.200000 -0.200000
0.019840 0.200000 -0.200000
0.019860 0.400000 -0.200000
0.019880 0.400000 -0.200000
0.019900 0.400000 -0.200000
0.019920 0.600000 -0.200000
0.019940 0.600000 -0.200000
0.019960 0.600000 -0.200000
0.019980 0.600000 0.000000
0.020000 0.600000 0.000000
0.020020 0.600000 0.000000
0.020040 0.600000 0.200000
0.020060 0.600000 0.200000
0.020080 0.600000 0.200000
0.020100 0.600000 0.400000
0.020120 0.600000 0.400000
0.020140 0.600000 0.400000
0.020160 0.600000 0.600000
0.020180 0.600000 0.600000
0.020200 0.600000 0.600000
0.020220 0.600000 0.800000
0.020240 0.600000 0.800000
0.020260 0.800000 1.000000
0.020280 0.600000 1.000000
0.020300 0.800000 1.000000
0.020320 0.800000 1.200000
0.020340 0.800000 1.200000
0.020360 0.800000 1.200000
0.020380 0.800000 1.400000
0.020400 0.800000 1.400000
0.020420 0.800000 1.600000
0.020440 0.800000 1.600000
0.020460 0.800000 1.600000
0.020480 0.800000 1.800000
0.020500 0.800000 1.800000
0.020520 0.800000 1.800000
0.020540 0.800000 1.800000
0.020560 0.800000 2.000000
0.020580 0.800000 2.000000
0.020600 0.800000 2.000000
0.020620 0.800000 2.200000
0.020640 0.800000 2.200000
0.020660 0.800000 2.200000
0.020680 0.800000 2.400000
0.020700 0.800000 2.400000
0.020720 0.800000 2.400000
0.020740 0.800000 2.600000
0.020760 0.800000 2.600000
0.020780 0.800000 2.800000
0.020800 0.800000 2.800000
0.020820 0.800000 2.800000
0.020840 0.800000 3.000000
0.020860 0.800000 3.000000
0.020880 0.800000 3.200000
0.020900 0.800000 3.200000
0.020920 0.800000 3.200000
0.020940 0.800000 3.200000
0.020960 0.800000 3.400000
0.020980 0.800000 3.400000
0.021000 0.800000 3.400000
0.021020 0.800000 3.600000
0.021040 0.800000 3.600000
0.021060 0.800000 3.800000
0.021080 0.800000 3.800000
0.021100 0.800000 3.800000
0.021120 0.800000 4.000000
0.021140 0.800000 4.000000
0.021160 0.800000 4.000000
0.021180 0.800000 4.200000
0.021200 0.800000 4.200000
0.021220 0.800000 4.200000
0.021240 0.800000 4.400000
0.021260 0.800000 4.400000
0.021280 0.800000 4.600000
0.021300 0.800000 4.600000
0.021320 0.800000 4.600000
0.021340 0.800000 4.800000
0.021360 0.800000 4.800000
0.021380 0.800000 4.800000
0.021400 0.800000 5.000000
0.021420 0.800000 5.000000
0.021440 0.800000 5.000000
0.021460 0.800000 5.200000
0.021480 0.800000 5.200000
0.021500 0.800000 5.200000
0.021520 0.800000 5.400000
0.021540 0.800000 5.400000
0.021560 0.800000 5.400000
0.021580 0.800000 5.600000
0.021600 0.800000 5.600000
0.021620 0.800000 5.600000
0.021640 0.800000 5.800000
0.021660 0.800000 5.800000
0.021680 0.800000 5.800000
0.021700 0.800000 6.000000
0.021720 0.800000 6.000000
0.021740 0.800000 6.200000
0.021760 0.800000 6.200000
0.021780 0.800000 6.200000
0.021800 0.800000 6.400000
0.021820 0.800000 6.400000
0.021840 0.800000 6.400000
0.021860 0.800000 6.600000
0.021880 0.800000 6.600000
0.021900 0.800000 6.600000
0.021920 0.800000 6.800000
0.021940 0.800000 6.800000
0.021960 0.800000 6.800000
0.021980 0.800000 7.000000
0.022000 0.800000 7.000000
0.022020 0.800000 7.000000
0.022040 0.800000 7.000000
0.022060 0.800000 7.200000
0.022080 0.800000 7.200000
0.022100 0.800000 7.200000
0.022120 0.800000 7.200000
0.022140 0.800000 7.400000
0.022160 0.800000 7.400000
0.022180 0.800000 7.400000
0.022200 0.800000 7.400000
0.022220 0.800000 7.600000
0.022240 0.800000 7.600000
0.022260 0.800000 7.800000
0.022280 0.800000 7.800000
0.022300 0.800000 7.800000
0.022320 0.800000 7.800000
0.022340 0.800000 8.000000
0.022360 0.800000 8.000000
0.022380 0.800000 8.000000
0.022400 0.800000 8.000000
0.022420 0.800000 8.200000
0.022440 0.800000 8.200000
0.022460 0.800000 8.200000
0.022480 0.800000 8.400000
0.022500 0.800000 8.400000
0.022520 0.800000 8.400000
0.022540 0.800000 8.400000
0.022560 0.800000 8.600000
0.022580 0.800000 8.600000
0.022600 0.800000 8.600000
0.022620 0.800000 8.600000
0.022640 0.800000 8.800000
0.022660 0.800000 8.800000
0.022680 0.800000 8.800000
0.022700 0.800000 8.800000
0.022720 0.800000 9.000000
0.022740 0.800000 9.000000
0.022760 0.800000 9.000000
0.022780 0.800000 9.000000
0.022800 0.800000 9.200000
0.022820 0.800000 9.200000
0.022840 0.800000 9.200000
0.022860 0.800000 9.400000
0.022880 0.800000 9.400000
0.022900 0.800000 9.400000
0.022920 0.800000 9.400000
0.022940 0.800000 9.400000
0.022960 0.800000 9.600000
0.022980 0.800000 9.600000
0.023000 0.800000 9.600000
0.023020 0.800000 9.600000
0.023040 0.800000 9.600000
0.023060 0.800000 9.800000
0.023080 0.800000 9.800000
0.023100 0.800000 9.800000
0.023120 0.800000 9.800000
0.023140 0.800000 9.800000
0.023160 0.800000 9.800000
0.023180 0.800000 9.800000
0.023200 0.800000 10.000000
0.023220 0.800000 10.000000
0.023240 0.800000 10.000000
0.023260 0.800000 10.000000
0.023280 0.800000 10.000000
0.023300 0.800000 10.000000
0.023320 0.800000 10.200000
0.023340 0.800000 10.200000
0.023360 0.800000 10.200000
0.023380 0.800000 10.200000
0.023400 0.800000 10.200000
0.023420 0.800000 10.400000
0.023440 0.800000 10.400000
0.023460 0.800000 10.400000
0.023480 0.800000 10.400000
0.023500 0.800000 10.400000
0.023520 0.800000 10.600000
0.023540 0.800000 10.600000
0.023560 0.800000 10.600000
0.023580 0.800000 10.600000
0.023600 0.800000 10.600000
0.023620 0.800000 10.800000
0.023640 0.800000 10.800000
0.023660 0.800000 10.800000
0.023680 0.800000 10.800000
0.023700 0.800000 11.000000
0.023720 0.800000 11.000000
0.023740 0.800000 11.000000
0.023760 0.800000 11.000000
0.023780 0.800000 11.000000
0.023800 0.800000 11.200000
0.023820 0.800000 11.200000
0.023840 0.800000 11.200000
0.023860 0.800000 11.200000
0.023880 0.800000 11.200000
0.023900 0.800000 11.200000
0.023920 0.800000 11.200000
0.023940 0.800000 11.200000
0.023960 0.800000 11.200000
0.023980 0.800000 11.200000
0.024000 0.800000 11.200000
0.024020 0.800000 11.200000
0.024040 0.800000 11.200000
0.024060 0.800000 11.200000
0.024080 0.800000 11.200000
0.024100 0.800000 11.400000
0.024120 0.800000 11.400000
0.024140 0.800000 11.200000
0.024160 0.800000 11.400000
0.024180 0.800000 11.400000
0.024200 0.800000 11.400000
0.024220 0.800000 11.400000
0.024240 0.800000 11.400000
0.024260 0.800000 11.400000
0.024280 0.800000 11.400000
0.024300 0.800000 11.400000
0.024320 0.800000 11.400000
0.024340 0.800000 11.400000
0.024360 0.800000 11.400000
0.024380 0.800000 11.400000
0.024400 0.800000 11.400000
0.024420 0.800000 11.400000
0.024440 0.800000 11.400000
0.024460 0.800000 11.400000
0.024480 0.800000 11.400000
0.024500 0.800000 11.400000
0.024520 0.800000 11.400000
0.024540 0.800000 11.400000
0.024560 0.800000 11.400000
0.024580 0.800000 11.400000
0.024600 0.800000 11.400000
0.024620 0.800000 11.400000
0.024640 0.800000 11.400000
0.024660 0.800000 11.400000
0.024680 0.800000 11.400000
0.024700 0.800000 11.400000
0.024720 0.800000 11.400000
0.024740 0.800000 11.400000
0.024760 0.800000 11.400000
0.024780 0.800000 11.400000
0.024800 0.800000 11.400000
0.024820 0.800000 11.400000
0.024840 0.800000 11.400000
0.024860 0.800000 11.400000
0.024880 0.800000 11.400000
0.024900 0.800000 11.400000
0.024920 0.800000 11.400000
0.024940 0.800000 11.400000
0.024960 0.800000 11.400000
0.024980 0.800000 11.400000
